-1.000000e+00	0.000000e+00
-9.990000e-01	3.976620e-09
-9.980000e-01	7.594571e-09
-9.970000e-01	1.094563e-08
-9.960000e-01	1.403271e-08
-9.950000e-01	1.696914e-08
-9.940000e-01	1.971137e-08
-9.930000e-01	2.239342e-08
-9.920000e-01	2.493267e-08
-9.910000e-01	2.748368e-08
-9.900000e-01	2.992971e-08
-9.890000e-01	3.244628e-08
-9.880000e-01	3.488570e-08
-9.870000e-01	3.744528e-08
-9.860000e-01	3.994819e-08
-9.850000e-01	4.261475e-08
-9.840000e-01	4.523970e-08
-9.830000e-01	4.806794e-08
-9.820000e-01	5.086563e-08
-9.810000e-01	5.390415e-08
-9.800000e-01	5.692026e-08
-9.790000e-01	6.021401e-08
-9.780000e-01	6.349131e-08
-9.770000e-01	6.708338e-08
-9.760000e-01	7.066340e-08
-9.750000e-01	7.459652e-08
-9.740000e-01	7.852080e-08
-9.730000e-01	8.283846e-08
-9.720000e-01	8.714964e-08
-9.710000e-01	9.189702e-08
-9.700000e-01	9.663966e-08
-9.690000e-01	1.018645e-07
-9.680000e-01	1.070858e-07
-9.670000e-01	1.128389e-07
-9.660000e-01	1.185894e-07
-9.650000e-01	1.249254e-07
-9.640000e-01	1.312596e-07
-9.630000e-01	1.382377e-07
-9.620000e-01	1.452145e-07
-9.610000e-01	1.528988e-07
-9.600000e-01	1.605821e-07
-9.590000e-01	1.690421e-07
-9.580000e-01	1.775014e-07
-9.570000e-01	1.868130e-07
-9.560000e-01	1.961241e-07
-9.550000e-01	2.063698e-07
-9.540000e-01	2.166151e-07
-9.530000e-01	2.278847e-07
-9.520000e-01	2.391540e-07
-9.510000e-01	2.515455e-07
-9.500000e-01	2.639369e-07
-9.490000e-01	2.775570e-07
-9.480000e-01	2.911769e-07
-9.470000e-01	3.061418e-07
-9.460000e-01	3.211066e-07
-9.450000e-01	3.375429e-07
-9.440000e-01	3.539791e-07
-9.430000e-01	3.720246e-07
-9.420000e-01	3.900700e-07
-9.410000e-01	4.098745e-07
-9.400000e-01	4.296791e-07
-9.390000e-01	4.514059e-07
-9.380000e-01	4.731327e-07
-9.370000e-01	4.969591e-07
-9.360000e-01	5.207855e-07
-9.350000e-01	5.469044e-07
-9.340000e-01	5.730232e-07
-9.330000e-01	6.016440e-07
-9.320000e-01	6.302648e-07
-9.310000e-01	6.616151e-07
-9.300000e-01	6.929654e-07
-9.290000e-01	7.272923e-07
-9.280000e-01	7.616191e-07
-9.270000e-01	7.991905e-07
-9.260000e-01	8.367620e-07
-9.250000e-01	8.778688e-07
-9.240000e-01	9.189757e-07
-9.230000e-01	9.639332e-07
-9.220000e-01	1.008891e-06
-9.210000e-01	1.058041e-06
-9.200000e-01	1.107191e-06
-9.190000e-01	1.160903e-06
-9.180000e-01	1.214616e-06
-9.170000e-01	1.273292e-06
-9.160000e-01	1.331968e-06
-9.150000e-01	1.396042e-06
-9.140000e-01	1.460116e-06
-9.130000e-01	1.530056e-06
-9.120000e-01	1.599997e-06
-9.110000e-01	1.676313e-06
-9.100000e-01	1.752628e-06
-9.090000e-01	1.835868e-06
-9.080000e-01	1.919107e-06
-9.070000e-01	2.009863e-06
-9.060000e-01	2.100619e-06
-9.050000e-01	2.199533e-06
-9.040000e-01	2.298447e-06
-9.030000e-01	2.406211e-06
-9.020000e-01	2.513974e-06
-9.010000e-01	2.631334e-06
-9.000000e-01	2.748693e-06
-8.990000e-01	2.876454e-06
-8.980000e-01	3.004215e-06
-8.970000e-01	3.143245e-06
-8.960000e-01	3.282276e-06
-8.950000e-01	3.433512e-06
-8.940000e-01	3.584748e-06
-8.930000e-01	3.749198e-06
-8.920000e-01	3.913648e-06
-8.910000e-01	4.092399e-06
-8.900000e-01	4.271149e-06
-8.890000e-01	4.465368e-06
-8.880000e-01	4.659587e-06
-8.870000e-01	4.870532e-06
-8.860000e-01	5.081478e-06
-8.850000e-01	5.310503e-06
-8.840000e-01	5.539528e-06
-8.830000e-01	5.788086e-06
-8.820000e-01	6.036644e-06
-8.810000e-01	6.306298e-06
-8.800000e-01	6.575953e-06
-8.790000e-01	6.868381e-06
-8.780000e-01	7.160810e-06
-8.770000e-01	7.477816e-06
-8.760000e-01	7.794821e-06
-8.750000e-01	8.138337e-06
-8.740000e-01	8.481853e-06
-8.730000e-01	8.853955e-06
-8.720000e-01	9.226056e-06
-8.710000e-01	9.628968e-06
-8.700000e-01	1.003188e-05
-8.690000e-01	1.046798e-05
-8.680000e-01	1.090409e-05
-8.670000e-01	1.137595e-05
-8.660000e-01	1.184780e-05
-8.650000e-01	1.235814e-05
-8.640000e-01	1.286848e-05
-8.630000e-01	1.342023e-05
-8.620000e-01	1.397198e-05
-8.610000e-01	1.456828e-05
-8.600000e-01	1.516458e-05
-8.590000e-01	1.580877e-05
-8.580000e-01	1.645296e-05
-8.570000e-01	1.714864e-05
-8.560000e-01	1.784431e-05
-8.550000e-01	1.859529e-05
-8.540000e-01	1.934627e-05
-8.530000e-01	2.015664e-05
-8.520000e-01	2.096701e-05
-8.510000e-01	2.184114e-05
-8.500000e-01	2.271528e-05
-8.490000e-01	2.365783e-05
-8.480000e-01	2.460038e-05
-8.470000e-01	2.561631e-05
-8.460000e-01	2.663225e-05
-8.450000e-01	2.772687e-05
-8.440000e-01	2.882149e-05
-8.430000e-01	3.000044e-05
-8.420000e-01	3.117940e-05
-8.410000e-01	3.244869e-05
-8.400000e-01	3.371799e-05
-8.390000e-01	3.508404e-05
-8.380000e-01	3.645009e-05
-8.370000e-01	3.791971e-05
-8.360000e-01	3.938933e-05
-8.350000e-01	4.096977e-05
-8.340000e-01	4.255021e-05
-8.330000e-01	4.424918e-05
-8.320000e-01	4.594816e-05
-8.310000e-01	4.777388e-05
-8.300000e-01	4.959959e-05
-8.290000e-01	5.156075e-05
-8.280000e-01	5.352191e-05
-8.270000e-01	5.562778e-05
-8.260000e-01	5.773364e-05
-8.250000e-01	5.999403e-05
-8.240000e-01	6.225441e-05
-8.230000e-01	6.467975e-05
-8.220000e-01	6.710508e-05
-8.210000e-01	6.970642e-05
-8.200000e-01	7.230775e-05
-8.190000e-01	7.509681e-05
-8.180000e-01	7.788587e-05
-8.170000e-01	8.087507e-05
-8.160000e-01	8.386427e-05
-8.150000e-01	8.706677e-05
-8.140000e-01	9.026927e-05
-8.130000e-01	9.369901e-05
-8.120000e-01	9.712874e-05
-8.110000e-01	1.008004e-04
-8.100000e-01	1.044721e-04
-8.090000e-01	1.084014e-04
-8.080000e-01	1.123307e-04
-8.070000e-01	1.165340e-04
-8.060000e-01	1.207373e-04
-8.050000e-01	1.252321e-04
-8.040000e-01	1.297269e-04
-8.030000e-01	1.345316e-04
-8.020000e-01	1.393363e-04
-8.010000e-01	1.444704e-04
-8.000000e-01	1.496044e-04
-7.990000e-01	1.550883e-04
-7.980000e-01	1.605722e-04
-7.970000e-01	1.664275e-04
-7.960000e-01	1.722829e-04
-7.950000e-01	1.785327e-04
-7.940000e-01	1.847824e-04
-7.930000e-01	1.914505e-04
-7.920000e-01	1.981186e-04
-7.910000e-01	2.052305e-04
-7.900000e-01	2.123424e-04
-7.890000e-01	2.199247e-04
-7.880000e-01	2.275070e-04
-7.870000e-01	2.355879e-04
-7.860000e-01	2.436688e-04
-7.850000e-01	2.522778e-04
-7.840000e-01	2.608868e-04
-7.830000e-01	2.700550e-04
-7.820000e-01	2.792233e-04
-7.810000e-01	2.889835e-04
-7.800000e-01	2.987437e-04
-7.790000e-01	3.091301e-04
-7.780000e-01	3.195166e-04
-7.770000e-01	3.305654e-04
-7.760000e-01	3.416143e-04
-7.750000e-01	3.533633e-04
-7.740000e-01	3.651124e-04
-7.730000e-01	3.776015e-04
-7.720000e-01	3.900906e-04
-7.710000e-01	4.033614e-04
-7.700000e-01	4.166321e-04
-7.690000e-01	4.307283e-04
-7.680000e-01	4.448245e-04
-7.670000e-01	4.597918e-04
-7.660000e-01	4.747592e-04
-7.650000e-01	4.906457e-04
-7.640000e-01	5.065322e-04
-7.630000e-01	5.233881e-04
-7.620000e-01	5.402440e-04
-7.610000e-01	5.581218e-04
-7.600000e-01	5.759996e-04
-7.590000e-01	5.949544e-04
-7.580000e-01	6.139091e-04
-7.570000e-01	6.339983e-04
-7.560000e-01	6.540874e-04
-7.550000e-01	6.753709e-04
-7.540000e-01	6.966545e-04
-7.530000e-01	7.191952e-04
-7.520000e-01	7.417359e-04
-7.510000e-01	7.655993e-04
-7.500000e-01	7.894626e-04
-7.490000e-01	8.147170e-04
-7.480000e-01	8.399714e-04
-7.470000e-01	8.666880e-04
-7.460000e-01	8.934047e-04
-7.450000e-01	9.216579e-04
-7.440000e-01	9.499112e-04
-7.430000e-01	9.797785e-04
-7.420000e-01	1.009646e-03
-7.410000e-01	1.041208e-03
-7.400000e-01	1.072770e-03
-7.390000e-01	1.106111e-03
-7.380000e-01	1.139451e-03
-7.370000e-01	1.174658e-03
-7.360000e-01	1.209865e-03
-7.350000e-01	1.247029e-03
-7.340000e-01	1.284193e-03
-7.330000e-01	1.323408e-03
-7.320000e-01	1.362624e-03
-7.310000e-01	1.403989e-03
-7.300000e-01	1.445354e-03
-7.290000e-01	1.488971e-03
-7.280000e-01	1.532587e-03
-7.270000e-01	1.578562e-03
-7.260000e-01	1.624536e-03
-7.250000e-01	1.672978e-03
-7.240000e-01	1.721420e-03
-7.230000e-01	1.772444e-03
-7.220000e-01	1.823467e-03
-7.210000e-01	1.877190e-03
-7.200000e-01	1.930913e-03
-7.190000e-01	1.987458e-03
-7.180000e-01	2.044003e-03
-7.170000e-01	2.103497e-03
-7.160000e-01	2.162990e-03
-7.150000e-01	2.225564e-03
-7.140000e-01	2.288138e-03
-7.130000e-01	2.353927e-03
-7.120000e-01	2.419717e-03
-7.110000e-01	2.488862e-03
-7.100000e-01	2.558008e-03
-7.090000e-01	2.630655e-03
-7.080000e-01	2.703301e-03
-7.070000e-01	2.779599e-03
-7.060000e-01	2.855897e-03
-7.050000e-01	2.936002e-03
-7.040000e-01	3.016106e-03
-7.030000e-01	3.100175e-03
-7.020000e-01	3.184245e-03
-7.010000e-01	3.272446e-03
-7.000000e-01	3.360646e-03
-6.990000e-01	3.453147e-03
-6.980000e-01	3.545648e-03
-6.970000e-01	3.642625e-03
-6.960000e-01	3.739602e-03
-6.950000e-01	3.841234e-03
-6.940000e-01	3.942867e-03
-6.930000e-01	4.049342e-03
-6.920000e-01	4.155816e-03
-6.910000e-01	4.267324e-03
-6.900000e-01	4.378831e-03
-6.890000e-01	4.495568e-03
-6.880000e-01	4.612305e-03
-6.870000e-01	4.734473e-03
-6.860000e-01	4.856642e-03
-6.850000e-01	4.984449e-03
-6.840000e-01	5.112256e-03
-6.830000e-01	5.245915e-03
-6.820000e-01	5.379575e-03
-6.810000e-01	5.519305e-03
-6.800000e-01	5.659035e-03
-6.790000e-01	5.805060e-03
-6.780000e-01	5.951086e-03
-6.770000e-01	6.103636e-03
-6.760000e-01	6.256187e-03
-6.750000e-01	6.415498e-03
-6.740000e-01	6.574809e-03
-6.730000e-01	6.741123e-03
-6.720000e-01	6.907437e-03
-6.710000e-01	7.081000e-03
-6.700000e-01	7.254563e-03
-6.690000e-01	7.435628e-03
-6.680000e-01	7.616693e-03
-6.670000e-01	7.805519e-03
-6.660000e-01	7.994345e-03
-6.650000e-01	8.191195e-03
-6.640000e-01	8.388046e-03
-6.630000e-01	8.593191e-03
-6.620000e-01	8.798336e-03
-6.610000e-01	9.012051e-03
-6.600000e-01	9.225766e-03
-6.590000e-01	9.448332e-03
-6.580000e-01	9.670897e-03
-6.570000e-01	9.902600e-03
-6.560000e-01	1.013430e-02
-6.550000e-01	1.037544e-02
-6.540000e-01	1.061657e-02
-6.530000e-01	1.086743e-02
-6.520000e-01	1.111829e-02
-6.510000e-01	1.137917e-02
-6.500000e-01	1.164006e-02
-6.490000e-01	1.191129e-02
-6.480000e-01	1.218251e-02
-6.470000e-01	1.246439e-02
-6.460000e-01	1.274627e-02
-6.450000e-01	1.303911e-02
-6.440000e-01	1.333195e-02
-6.430000e-01	1.363609e-02
-6.420000e-01	1.394022e-02
-6.410000e-01	1.425598e-02
-6.400000e-01	1.457173e-02
-6.390000e-01	1.489944e-02
-6.380000e-01	1.522715e-02
-6.370000e-01	1.556714e-02
-6.360000e-01	1.590714e-02
-6.350000e-01	1.625976e-02
-6.340000e-01	1.661239e-02
-6.330000e-01	1.697799e-02
-6.320000e-01	1.734359e-02
-6.310000e-01	1.772251e-02
-6.300000e-01	1.810144e-02
-6.290000e-01	1.849405e-02
-6.280000e-01	1.888665e-02
-6.270000e-01	1.929330e-02
-6.260000e-01	1.969994e-02
-6.250000e-01	2.012098e-02
-6.240000e-01	2.054202e-02
-6.230000e-01	2.097782e-02
-6.220000e-01	2.141362e-02
-6.210000e-01	2.186455e-02
-6.200000e-01	2.231548e-02
-6.190000e-01	2.278191e-02
-6.180000e-01	2.324833e-02
-6.170000e-01	2.373063e-02
-6.160000e-01	2.421293e-02
-6.150000e-01	2.471148e-02
-6.140000e-01	2.521002e-02
-6.130000e-01	2.572519e-02
-6.120000e-01	2.624036e-02
-6.110000e-01	2.677252e-02
-6.100000e-01	2.730469e-02
-6.090000e-01	2.785424e-02
-6.080000e-01	2.840380e-02
-6.070000e-01	2.897111e-02
-6.060000e-01	2.953842e-02
-6.050000e-01	3.012388e-02
-6.040000e-01	3.070934e-02
-6.030000e-01	3.131333e-02
-6.020000e-01	3.191732e-02
-6.010000e-01	3.254022e-02
-6.000000e-01	3.316312e-02
-5.990000e-01	3.380532e-02
-5.980000e-01	3.444752e-02
-5.970000e-01	3.510939e-02
-5.960000e-01	3.577127e-02
-5.950000e-01	3.645321e-02
-5.940000e-01	3.713515e-02
-5.930000e-01	3.783753e-02
-5.920000e-01	3.853991e-02
-5.910000e-01	3.926312e-02
-5.900000e-01	3.998632e-02
-5.890000e-01	4.073073e-02
-5.880000e-01	4.147514e-02
-5.870000e-01	4.224113e-02
-5.860000e-01	4.300711e-02
-5.850000e-01	4.379505e-02
-5.840000e-01	4.458299e-02
-5.830000e-01	4.539326e-02
-5.820000e-01	4.620352e-02
-5.810000e-01	4.703648e-02
-5.800000e-01	4.786944e-02
-5.790000e-01	4.872545e-02
-5.780000e-01	4.958147e-02
-5.770000e-01	5.046090e-02
-5.760000e-01	5.134033e-02
-5.750000e-01	5.224354e-02
-5.740000e-01	5.314675e-02
-5.730000e-01	5.407409e-02
-5.720000e-01	5.500142e-02
-5.710000e-01	5.595323e-02
-5.700000e-01	5.690504e-02
-5.690000e-01	5.788167e-02
-5.680000e-01	5.885830e-02
-5.670000e-01	5.986007e-02
-5.660000e-01	6.086185e-02
-5.650000e-01	6.188911e-02
-5.640000e-01	6.291637e-02
-5.630000e-01	6.396943e-02
-5.620000e-01	6.502249e-02
-5.610000e-01	6.610168e-02
-5.600000e-01	6.718086e-02
-5.590000e-01	6.828647e-02
-5.580000e-01	6.939208e-02
-5.570000e-01	7.052442e-02
-5.560000e-01	7.165676e-02
-5.550000e-01	7.281613e-02
-5.540000e-01	7.397549e-02
-5.530000e-01	7.516216e-02
-5.520000e-01	7.634883e-02
-5.510000e-01	7.756308e-02
-5.500000e-01	7.877733e-02
-5.490000e-01	8.001943e-02
-5.480000e-01	8.126153e-02
-5.470000e-01	8.253173e-02
-5.460000e-01	8.380194e-02
-5.450000e-01	8.510049e-02
-5.440000e-01	8.639905e-02
-5.430000e-01	8.772619e-02
-5.420000e-01	8.905333e-02
-5.410000e-01	9.040929e-02
-5.400000e-01	9.176524e-02
-5.390000e-01	9.315022e-02
-5.380000e-01	9.453520e-02
-5.370000e-01	9.594941e-02
-5.360000e-01	9.736363e-02
-5.350000e-01	9.880726e-02
-5.340000e-01	1.002509e-01
-5.330000e-01	1.017241e-01
-5.320000e-01	1.031974e-01
-5.310000e-01	1.047004e-01
-5.300000e-01	1.062034e-01
-5.290000e-01	1.077363e-01
-5.280000e-01	1.092692e-01
-5.270000e-01	1.108322e-01
-5.260000e-01	1.123952e-01
-5.250000e-01	1.139884e-01
-5.240000e-01	1.155816e-01
-5.230000e-01	1.172051e-01
-5.220000e-01	1.188286e-01
-5.210000e-01	1.204825e-01
-5.200000e-01	1.221364e-01
-5.190000e-01	1.238208e-01
-5.180000e-01	1.255052e-01
-5.170000e-01	1.272202e-01
-5.160000e-01	1.289351e-01
-5.150000e-01	1.306807e-01
-5.140000e-01	1.324264e-01
-5.130000e-01	1.342026e-01
-5.120000e-01	1.359789e-01
-5.110000e-01	1.377859e-01
-5.100000e-01	1.395929e-01
-5.090000e-01	1.414306e-01
-5.080000e-01	1.432683e-01
-5.070000e-01	1.451367e-01
-5.060000e-01	1.470051e-01
-5.050000e-01	1.489043e-01
-5.040000e-01	1.508034e-01
-5.030000e-01	1.527332e-01
-5.020000e-01	1.546630e-01
-5.010000e-01	1.566234e-01
-5.000000e-01	1.585838e-01
-4.990000e-01	1.605748e-01
-4.980000e-01	1.625658e-01
-4.970000e-01	1.645873e-01
-4.960000e-01	1.666088e-01
-4.950000e-01	1.686606e-01
-4.940000e-01	1.707125e-01
-4.930000e-01	1.727946e-01
-4.920000e-01	1.748768e-01
-4.910000e-01	1.769891e-01
-4.900000e-01	1.791014e-01
-4.890000e-01	1.812437e-01
-4.880000e-01	1.833860e-01
-4.870000e-01	1.855582e-01
-4.860000e-01	1.877304e-01
-4.850000e-01	1.899322e-01
-4.840000e-01	1.921341e-01
-4.830000e-01	1.943654e-01
-4.820000e-01	1.965968e-01
-4.810000e-01	1.988574e-01
-4.800000e-01	2.011181e-01
-4.790000e-01	2.034078e-01
-4.780000e-01	2.056975e-01
-4.770000e-01	2.080160e-01
-4.760000e-01	2.103345e-01
-4.750000e-01	2.126816e-01
-4.740000e-01	2.150287e-01
-4.730000e-01	2.174041e-01
-4.720000e-01	2.197795e-01
-4.710000e-01	2.221830e-01
-4.700000e-01	2.245864e-01
-4.690000e-01	2.270175e-01
-4.680000e-01	2.294487e-01
-4.670000e-01	2.319072e-01
-4.660000e-01	2.343658e-01
-4.650000e-01	2.368514e-01
-4.640000e-01	2.393370e-01
-4.630000e-01	2.418493e-01
-4.620000e-01	2.443617e-01
-4.610000e-01	2.469004e-01
-4.600000e-01	2.494391e-01
-4.590000e-01	2.520038e-01
-4.580000e-01	2.545685e-01
-4.570000e-01	2.571587e-01
-4.560000e-01	2.597490e-01
-4.550000e-01	2.623645e-01
-4.540000e-01	2.649799e-01
-4.530000e-01	2.676202e-01
-4.520000e-01	2.702604e-01
-4.510000e-01	2.729250e-01
-4.500000e-01	2.755895e-01
-4.490000e-01	2.782780e-01
-4.480000e-01	2.809664e-01
-4.470000e-01	2.836783e-01
-4.460000e-01	2.863901e-01
-4.450000e-01	2.891250e-01
-4.440000e-01	2.918598e-01
-4.430000e-01	2.946170e-01
-4.420000e-01	2.973743e-01
-4.410000e-01	3.001535e-01
-4.400000e-01	3.029328e-01
-4.390000e-01	3.057334e-01
-4.380000e-01	3.085341e-01
-4.370000e-01	3.113557e-01
-4.360000e-01	3.141772e-01
-4.350000e-01	3.170192e-01
-4.340000e-01	3.198611e-01
-4.330000e-01	3.227229e-01
-4.320000e-01	3.255847e-01
-4.310000e-01	3.284657e-01
-4.300000e-01	3.313468e-01
-4.290000e-01	3.342465e-01
-4.280000e-01	3.371463e-01
-4.270000e-01	3.400641e-01
-4.260000e-01	3.429819e-01
-4.250000e-01	3.459173e-01
-4.240000e-01	3.488526e-01
-4.230000e-01	3.518049e-01
-4.220000e-01	3.547572e-01
-4.210000e-01	3.577257e-01
-4.200000e-01	3.606943e-01
-4.190000e-01	3.636785e-01
-4.180000e-01	3.666627e-01
-4.170000e-01	3.696620e-01
-4.160000e-01	3.726613e-01
-4.150000e-01	3.756749e-01
-4.140000e-01	3.786886e-01
-4.130000e-01	3.817160e-01
-4.120000e-01	3.847434e-01
-4.110000e-01	3.877840e-01
-4.100000e-01	3.908245e-01
-4.090000e-01	3.938774e-01
-4.080000e-01	3.969303e-01
-4.070000e-01	3.999950e-01
-4.060000e-01	4.030597e-01
-4.050000e-01	4.061355e-01
-4.040000e-01	4.092113e-01
-4.030000e-01	4.122974e-01
-4.020000e-01	4.153836e-01
-4.010000e-01	4.184794e-01
-4.000000e-01	4.215753e-01
-3.990000e-01	4.246802e-01
-3.980000e-01	4.277850e-01
-3.970000e-01	4.308982e-01
-3.960000e-01	4.340114e-01
-3.950000e-01	4.371321e-01
-3.940000e-01	4.402529e-01
-3.930000e-01	4.433805e-01
-3.920000e-01	4.465082e-01
-3.910000e-01	4.496420e-01
-3.900000e-01	4.527758e-01
-3.890000e-01	4.559151e-01
-3.880000e-01	4.590543e-01
-3.870000e-01	4.621983e-01
-3.860000e-01	4.653423e-01
-3.850000e-01	4.684903e-01
-3.840000e-01	4.716383e-01
-3.830000e-01	4.747896e-01
-3.820000e-01	4.779409e-01
-3.810000e-01	4.810947e-01
-3.800000e-01	4.842485e-01
-3.790000e-01	4.874042e-01
-3.780000e-01	4.905598e-01
-3.770000e-01	4.937166e-01
-3.760000e-01	4.968733e-01
-3.750000e-01	5.000304e-01
-3.740000e-01	5.031875e-01
-3.730000e-01	5.063442e-01
-3.720000e-01	5.095010e-01
-3.710000e-01	5.126566e-01
-3.700000e-01	5.158122e-01
-3.690000e-01	5.189660e-01
-3.680000e-01	5.221197e-01
-3.670000e-01	5.252710e-01
-3.660000e-01	5.284222e-01
-3.650000e-01	5.315701e-01
-3.640000e-01	5.347180e-01
-3.630000e-01	5.378619e-01
-3.620000e-01	5.410058e-01
-3.610000e-01	5.441449e-01
-3.600000e-01	5.472841e-01
-3.590000e-01	5.504177e-01
-3.580000e-01	5.535514e-01
-3.570000e-01	5.566789e-01
-3.560000e-01	5.598064e-01
-3.550000e-01	5.629270e-01
-3.540000e-01	5.660476e-01
-3.530000e-01	5.691605e-01
-3.520000e-01	5.722735e-01
-3.510000e-01	5.753782e-01
-3.500000e-01	5.784828e-01
-3.490000e-01	5.815785e-01
-3.480000e-01	5.846741e-01
-3.470000e-01	5.877600e-01
-3.460000e-01	5.908459e-01
-3.450000e-01	5.939215e-01
-3.440000e-01	5.969970e-01
-3.430000e-01	6.000614e-01
-3.420000e-01	6.031258e-01
-3.410000e-01	6.061784e-01
-3.400000e-01	6.092311e-01
-3.390000e-01	6.122713e-01
-3.380000e-01	6.153115e-01
-3.370000e-01	6.183386e-01
-3.360000e-01	6.213657e-01
-3.350000e-01	6.243790e-01
-3.340000e-01	6.273923e-01
-3.330000e-01	6.303913e-01
-3.320000e-01	6.333902e-01
-3.310000e-01	6.363740e-01
-3.300000e-01	6.393579e-01
-3.290000e-01	6.423261e-01
-3.280000e-01	6.452943e-01
-3.270000e-01	6.482461e-01
-3.260000e-01	6.511980e-01
-3.250000e-01	6.541329e-01
-3.240000e-01	6.570679e-01
-3.230000e-01	6.599853e-01
-3.220000e-01	6.629027e-01
-3.210000e-01	6.658020e-01
-3.200000e-01	6.687013e-01
-3.190000e-01	6.715819e-01
-3.180000e-01	6.744624e-01
-3.170000e-01	6.773238e-01
-3.160000e-01	6.801851e-01
-3.150000e-01	6.830265e-01
-3.140000e-01	6.858680e-01
-3.130000e-01	6.886891e-01
-3.120000e-01	6.915102e-01
-3.110000e-01	6.943103e-01
-3.100000e-01	6.971105e-01
-3.090000e-01	6.998892e-01
-3.080000e-01	7.026679e-01
-3.070000e-01	7.054246e-01
-3.060000e-01	7.081814e-01
-3.050000e-01	7.109157e-01
-3.040000e-01	7.136499e-01
-3.030000e-01	7.163612e-01
-3.020000e-01	7.190726e-01
-3.010000e-01	7.217604e-01
-3.000000e-01	7.244483e-01
-2.990000e-01	7.271123e-01
-2.980000e-01	7.297763e-01
-2.970000e-01	7.324159e-01
-2.960000e-01	7.350556e-01
-2.950000e-01	7.376705e-01
-2.940000e-01	7.402853e-01
-2.930000e-01	7.428750e-01
-2.920000e-01	7.454647e-01
-2.910000e-01	7.480288e-01
-2.900000e-01	7.505928e-01
-2.890000e-01	7.531309e-01
-2.880000e-01	7.556690e-01
-2.870000e-01	7.581807e-01
-2.860000e-01	7.606924e-01
-2.850000e-01	7.631774e-01
-2.840000e-01	7.656624e-01
-2.830000e-01	7.681203e-01
-2.820000e-01	7.705782e-01
-2.810000e-01	7.730087e-01
-2.800000e-01	7.754392e-01
-2.790000e-01	7.778420e-01
-2.780000e-01	7.802448e-01
-2.770000e-01	7.826196e-01
-2.760000e-01	7.849943e-01
-2.750000e-01	7.873408e-01
-2.740000e-01	7.896872e-01
-2.730000e-01	7.920051e-01
-2.720000e-01	7.943229e-01
-2.710000e-01	7.966120e-01
-2.700000e-01	7.989010e-01
-2.690000e-01	8.011610e-01
-2.680000e-01	8.034210e-01
-2.670000e-01	8.056517e-01
-2.660000e-01	8.078823e-01
-2.650000e-01	8.100835e-01
-2.640000e-01	8.122847e-01
-2.630000e-01	8.144562e-01
-2.620000e-01	8.166277e-01
-2.610000e-01	8.187694e-01
-2.600000e-01	8.209110e-01
-2.590000e-01	8.230227e-01
-2.580000e-01	8.251343e-01
-2.570000e-01	8.272158e-01
-2.560000e-01	8.292973e-01
-2.550000e-01	8.313485e-01
-2.540000e-01	8.333997e-01
-2.530000e-01	8.354205e-01
-2.520000e-01	8.374413e-01
-2.510000e-01	8.394316e-01
-2.500000e-01	8.414220e-01
-2.490000e-01	8.433817e-01
-2.480000e-01	8.453415e-01
-2.470000e-01	8.472707e-01
-2.460000e-01	8.491998e-01
-2.450000e-01	8.510983e-01
-2.440000e-01	8.529968e-01
-2.430000e-01	8.548646e-01
-2.420000e-01	8.567323e-01
-2.410000e-01	8.585694e-01
-2.400000e-01	8.604065e-01
-2.390000e-01	8.622129e-01
-2.380000e-01	8.640192e-01
-2.370000e-01	8.657949e-01
-2.360000e-01	8.675705e-01
-2.350000e-01	8.693155e-01
-2.340000e-01	8.710605e-01
-2.330000e-01	8.727749e-01
-2.320000e-01	8.744893e-01
-2.310000e-01	8.761731e-01
-2.300000e-01	8.778569e-01
-2.290000e-01	8.795102e-01
-2.280000e-01	8.811635e-01
-2.270000e-01	8.827865e-01
-2.260000e-01	8.844094e-01
-2.250000e-01	8.860020e-01
-2.240000e-01	8.875946e-01
-2.230000e-01	8.891571e-01
-2.220000e-01	8.907195e-01
-2.210000e-01	8.922519e-01
-2.200000e-01	8.937843e-01
-2.190000e-01	8.952868e-01
-2.180000e-01	8.967892e-01
-2.170000e-01	8.982619e-01
-2.160000e-01	8.997347e-01
-2.150000e-01	9.011778e-01
-2.140000e-01	9.026209e-01
-2.130000e-01	9.040346e-01
-2.120000e-01	9.054484e-01
-2.110000e-01	9.068329e-01
-2.100000e-01	9.082174e-01
-2.090000e-01	9.095729e-01
-2.080000e-01	9.109284e-01
-2.070000e-01	9.122550e-01
-2.060000e-01	9.135817e-01
-2.050000e-01	9.148799e-01
-2.040000e-01	9.161780e-01
-2.030000e-01	9.174478e-01
-2.020000e-01	9.187175e-01
-2.010000e-01	9.199592e-01
-2.000000e-01	9.212009e-01
-1.990000e-01	9.224148e-01
-1.980000e-01	9.236286e-01
-1.970000e-01	9.248149e-01
-1.960000e-01	9.260012e-01
-1.950000e-01	9.271602e-01
-1.940000e-01	9.283192e-01
-1.930000e-01	9.294512e-01
-1.920000e-01	9.305832e-01
-1.910000e-01	9.316885e-01
-1.900000e-01	9.327938e-01
-1.890000e-01	9.338727e-01
-1.880000e-01	9.349515e-01
-1.870000e-01	9.360043e-01
-1.860000e-01	9.370571e-01
-1.850000e-01	9.380840e-01
-1.840000e-01	9.391110e-01
-1.830000e-01	9.401125e-01
-1.820000e-01	9.411140e-01
-1.810000e-01	9.420904e-01
-1.800000e-01	9.430668e-01
-1.790000e-01	9.440184e-01
-1.780000e-01	9.449700e-01
-1.770000e-01	9.458971e-01
-1.760000e-01	9.468242e-01
-1.750000e-01	9.477272e-01
-1.740000e-01	9.486302e-01
-1.730000e-01	9.495095e-01
-1.720000e-01	9.503887e-01
-1.710000e-01	9.512445e-01
-1.700000e-01	9.521004e-01
-1.690000e-01	9.529332e-01
-1.680000e-01	9.537660e-01
-1.670000e-01	9.545761e-01
-1.660000e-01	9.553863e-01
-1.650000e-01	9.561741e-01
-1.640000e-01	9.569619e-01
-1.630000e-01	9.577278e-01
-1.620000e-01	9.584937e-01
-1.610000e-01	9.592380e-01
-1.600000e-01	9.599823e-01
-1.590000e-01	9.607054e-01
-1.580000e-01	9.614285e-01
-1.570000e-01	9.621309e-01
-1.560000e-01	9.628332e-01
-1.550000e-01	9.635151e-01
-1.540000e-01	9.641970e-01
-1.530000e-01	9.648588e-01
-1.520000e-01	9.655207e-01
-1.510000e-01	9.661628e-01
-1.500000e-01	9.668050e-01
-1.490000e-01	9.674279e-01
-1.480000e-01	9.680508e-01
-1.470000e-01	9.686548e-01
-1.460000e-01	9.692588e-01
-1.450000e-01	9.698443e-01
-1.440000e-01	9.704298e-01
-1.430000e-01	9.709971e-01
-1.420000e-01	9.715645e-01
-1.410000e-01	9.721141e-01
-1.400000e-01	9.726636e-01
-1.390000e-01	9.731959e-01
-1.380000e-01	9.737281e-01
-1.370000e-01	9.742433e-01
-1.360000e-01	9.747586e-01
-1.350000e-01	9.752572e-01
-1.340000e-01	9.757558e-01
-1.330000e-01	9.762382e-01
-1.320000e-01	9.767206e-01
-1.310000e-01	9.771871e-01
-1.300000e-01	9.776537e-01
-1.290000e-01	9.781047e-01
-1.280000e-01	9.785558e-01
-1.270000e-01	9.789917e-01
-1.260000e-01	9.794276e-01
-1.250000e-01	9.798488e-01
-1.240000e-01	9.802699e-01
-1.230000e-01	9.806767e-01
-1.220000e-01	9.810835e-01
-1.210000e-01	9.814763e-01
-1.200000e-01	9.818690e-01
-1.190000e-01	9.822481e-01
-1.180000e-01	9.826272e-01
-1.170000e-01	9.829930e-01
-1.160000e-01	9.833587e-01
-1.150000e-01	9.837115e-01
-1.140000e-01	9.840643e-01
-1.130000e-01	9.844045e-01
-1.120000e-01	9.847447e-01
-1.110000e-01	9.850726e-01
-1.100000e-01	9.854005e-01
-1.090000e-01	9.857164e-01
-1.080000e-01	9.860323e-01
-1.070000e-01	9.863367e-01
-1.060000e-01	9.866410e-01
-1.050000e-01	9.869341e-01
-1.040000e-01	9.872271e-01
-1.030000e-01	9.875092e-01
-1.020000e-01	9.877913e-01
-1.010000e-01	9.880627e-01
-1.000000e-01	9.883341e-01
-9.900000e-02	9.885952e-01
-9.800000e-02	9.888564e-01
-9.700000e-02	9.891074e-01
-9.600000e-02	9.893585e-01
-9.500000e-02	9.895999e-01
-9.400000e-02	9.898412e-01
-9.300000e-02	9.900731e-01
-9.200000e-02	9.903051e-01
-9.100000e-02	9.905279e-01
-9.000000e-02	9.907507e-01
-8.900000e-02	9.909646e-01
-8.800000e-02	9.911786e-01
-8.700000e-02	9.913839e-01
-8.600000e-02	9.915893e-01
-8.500000e-02	9.917864e-01
-8.400000e-02	9.919835e-01
-8.300000e-02	9.921725e-01
-8.200000e-02	9.923616e-01
-8.100000e-02	9.925429e-01
-8.000000e-02	9.927242e-01
-7.900000e-02	9.928980e-01
-7.800000e-02	9.930718e-01
-7.700000e-02	9.932383e-01
-7.600000e-02	9.934049e-01
-7.500000e-02	9.935644e-01
-7.400000e-02	9.937240e-01
-7.300000e-02	9.938768e-01
-7.200000e-02	9.940296e-01
-7.100000e-02	9.941758e-01
-7.000000e-02	9.943221e-01
-6.900000e-02	9.944621e-01
-6.800000e-02	9.946020e-01
-6.700000e-02	9.947359e-01
-6.600000e-02	9.948698e-01
-6.500000e-02	9.949978e-01
-6.400000e-02	9.951259e-01
-6.300000e-02	9.952483e-01
-6.200000e-02	9.953707e-01
-6.100000e-02	9.954876e-01
-6.000000e-02	9.956046e-01
-5.900000e-02	9.957163e-01
-5.800000e-02	9.958281e-01
-5.700000e-02	9.959348e-01
-5.600000e-02	9.960415e-01
-5.500000e-02	9.961433e-01
-5.400000e-02	9.962452e-01
-5.300000e-02	9.963424e-01
-5.200000e-02	9.964396e-01
-5.100000e-02	9.965323e-01
-5.000000e-02	9.966250e-01
-4.900000e-02	9.967134e-01
-4.800000e-02	9.968018e-01
-4.700000e-02	9.968861e-01
-4.600000e-02	9.969704e-01
-4.500000e-02	9.970507e-01
-4.400000e-02	9.971310e-01
-4.300000e-02	9.972075e-01
-4.200000e-02	9.972840e-01
-4.100000e-02	9.973569e-01
-4.000000e-02	9.974297e-01
-3.900000e-02	9.974991e-01
-3.800000e-02	9.975684e-01
-3.700000e-02	9.976344e-01
-3.600000e-02	9.977004e-01
-3.500000e-02	9.977632e-01
-3.400000e-02	9.978259e-01
-3.300000e-02	9.978856e-01
-3.200000e-02	9.979453e-01
-3.100000e-02	9.980020e-01
-3.000000e-02	9.980587e-01
-2.900000e-02	9.981126e-01
-2.800000e-02	9.981665e-01
-2.700000e-02	9.982177e-01
-2.600000e-02	9.982689e-01
-2.500000e-02	9.983176e-01
-2.400000e-02	9.983662e-01
-2.300000e-02	9.984123e-01
-2.200000e-02	9.984584e-01
-2.100000e-02	9.985022e-01
-2.000000e-02	9.985460e-01
-1.900000e-02	9.985875e-01
-1.800000e-02	9.986291e-01
-1.700000e-02	9.986684e-01
-1.600000e-02	9.987078e-01
-1.500000e-02	9.987451e-01
-1.400000e-02	9.987824e-01
-1.300000e-02	9.988178e-01
-1.200000e-02	9.988531e-01
-1.100000e-02	9.988866e-01
-1.000000e-02	9.989201e-01
-9.000000e-03	9.989518e-01
-8.000000e-03	9.989835e-01
-7.000000e-03	9.990135e-01
-6.000000e-03	9.990435e-01
-5.000000e-03	9.990719e-01
-4.000000e-03	9.991003e-01
-3.000000e-03	9.991271e-01
-2.000000e-03	9.991540e-01
-1.000000e-03	9.991794e-01
0.000000e+00	9.992047e-01
1.000000e-03	9.992287e-01
2.000000e-03	9.992527e-01
3.000000e-03	9.992754e-01
4.000000e-03	9.992980e-01
5.000000e-03	9.993194e-01
6.000000e-03	9.993408e-01
7.000000e-03	9.993610e-01
8.000000e-03	9.993812e-01
9.000000e-03	9.994003e-01
1.000000e-02	9.994193e-01
1.100000e-02	9.994373e-01
1.200000e-02	9.994553e-01
1.300000e-02	9.994722e-01
1.400000e-02	9.994892e-01
1.500000e-02	9.995052e-01
1.600000e-02	9.995212e-01
1.700000e-02	9.995362e-01
1.800000e-02	9.995513e-01
1.900000e-02	9.995655e-01
2.000000e-02	9.995796e-01
2.100000e-02	9.995930e-01
2.200000e-02	9.996064e-01
2.300000e-02	9.996189e-01
2.400000e-02	9.996315e-01
2.500000e-02	9.996433e-01
2.600000e-02	9.996552e-01
2.700000e-02	9.996663e-01
2.800000e-02	9.996774e-01
2.900000e-02	9.996879e-01
3.000000e-02	9.996983e-01
3.100000e-02	9.997082e-01
3.200000e-02	9.997180e-01
3.300000e-02	9.997272e-01
3.400000e-02	9.997365e-01
3.500000e-02	9.997451e-01
3.600000e-02	9.997538e-01
3.700000e-02	9.997620e-01
3.800000e-02	9.997701e-01
3.900000e-02	9.997777e-01
4.000000e-02	9.997854e-01
4.100000e-02	9.997925e-01
4.200000e-02	9.997997e-01
4.300000e-02	9.998064e-01
4.400000e-02	9.998132e-01
4.500000e-02	9.998195e-01
4.600000e-02	9.998258e-01
4.700000e-02	9.998317e-01
4.800000e-02	9.998376e-01
4.900000e-02	9.998431e-01
5.000000e-02	9.998486e-01
5.100000e-02	9.998538e-01
5.200000e-02	9.998590e-01
5.300000e-02	9.998638e-01
5.400000e-02	9.998687e-01
5.500000e-02	9.998732e-01
5.600000e-02	9.998778e-01
5.700000e-02	9.998820e-01
5.800000e-02	9.998863e-01
5.900000e-02	9.998902e-01
6.000000e-02	9.998942e-01
6.100000e-02	9.998979e-01
6.200000e-02	9.999016e-01
6.300000e-02	9.999051e-01
6.400000e-02	9.999085e-01
6.500000e-02	9.999118e-01
6.600000e-02	9.999150e-01
6.700000e-02	9.999180e-01
6.800000e-02	9.999210e-01
6.900000e-02	9.999239e-01
7.000000e-02	9.999267e-01
7.100000e-02	9.999293e-01
7.200000e-02	9.999319e-01
7.300000e-02	9.999344e-01
7.400000e-02	9.999369e-01
7.500000e-02	9.999391e-01
7.600000e-02	9.999414e-01
7.700000e-02	9.999436e-01
7.800000e-02	9.999457e-01
7.900000e-02	9.999477e-01
8.000000e-02	9.999497e-01
8.100000e-02	9.999515e-01
8.200000e-02	9.999533e-01
8.300000e-02	9.999551e-01
8.400000e-02	9.999568e-01
8.500000e-02	9.999584e-01
8.600000e-02	9.999600e-01
8.700000e-02	9.999615e-01
8.800000e-02	9.999630e-01
8.900000e-02	9.999643e-01
9.000000e-02	9.999657e-01
9.100000e-02	9.999670e-01
9.200000e-02	9.999683e-01
9.300000e-02	9.999695e-01
9.400000e-02	9.999707e-01
9.500000e-02	9.999718e-01
9.600000e-02	9.999729e-01
9.700000e-02	9.999739e-01
9.800000e-02	9.999750e-01
9.900000e-02	9.999759e-01
1.000000e-01	9.999769e-01
1.010000e-01	9.999778e-01
1.020000e-01	9.999787e-01
1.030000e-01	9.999795e-01
1.040000e-01	9.999803e-01
1.050000e-01	9.999811e-01
1.060000e-01	9.999818e-01
1.070000e-01	9.999825e-01
1.080000e-01	9.999832e-01
1.090000e-01	9.999839e-01
1.100000e-01	9.999845e-01
1.110000e-01	9.999852e-01
1.120000e-01	9.999858e-01
1.130000e-01	9.999863e-01
1.140000e-01	9.999869e-01
1.150000e-01	9.999874e-01
1.160000e-01	9.999879e-01
1.170000e-01	9.999884e-01
1.180000e-01	9.999889e-01
1.190000e-01	9.999893e-01
1.200000e-01	9.999898e-01
1.210000e-01	9.999902e-01
1.220000e-01	9.999906e-01
1.230000e-01	9.999910e-01
1.240000e-01	9.999913e-01
1.250000e-01	9.999917e-01
1.260000e-01	9.999920e-01
1.270000e-01	9.999924e-01
1.280000e-01	9.999927e-01
1.290000e-01	9.999930e-01
1.300000e-01	9.999933e-01
1.310000e-01	9.999936e-01
1.320000e-01	9.999938e-01
1.330000e-01	9.999941e-01
1.340000e-01	9.999943e-01
1.350000e-01	9.999946e-01
1.360000e-01	9.999948e-01
1.370000e-01	9.999950e-01
1.380000e-01	9.999952e-01
1.390000e-01	9.999954e-01
1.400000e-01	9.999956e-01
1.410000e-01	9.999958e-01
1.420000e-01	9.999960e-01
1.430000e-01	9.999962e-01
1.440000e-01	9.999963e-01
1.450000e-01	9.999965e-01
1.460000e-01	9.999966e-01
1.470000e-01	9.999968e-01
1.480000e-01	9.999969e-01
1.490000e-01	9.999971e-01
1.500000e-01	9.999972e-01
1.510000e-01	9.999973e-01
1.520000e-01	9.999974e-01
1.530000e-01	9.999975e-01
1.540000e-01	9.999976e-01
1.550000e-01	9.999977e-01
1.560000e-01	9.999978e-01
1.570000e-01	9.999979e-01
1.580000e-01	9.999980e-01
1.590000e-01	9.999981e-01
1.600000e-01	9.999982e-01
1.610000e-01	9.999983e-01
1.620000e-01	9.999984e-01
1.630000e-01	9.999984e-01
1.640000e-01	9.999985e-01
1.650000e-01	9.999986e-01
1.660000e-01	9.999986e-01
1.670000e-01	9.999987e-01
1.680000e-01	9.999988e-01
1.690000e-01	9.999988e-01
1.700000e-01	9.999989e-01
1.710000e-01	9.999989e-01
1.720000e-01	9.999990e-01
1.730000e-01	9.999990e-01
1.740000e-01	9.999991e-01
1.750000e-01	9.999991e-01
1.760000e-01	9.999991e-01
1.770000e-01	9.999992e-01
1.780000e-01	9.999992e-01
1.790000e-01	9.999993e-01
1.800000e-01	9.999993e-01
1.810000e-01	9.999993e-01
1.820000e-01	9.999993e-01
1.830000e-01	9.999994e-01
1.840000e-01	9.999994e-01
1.850000e-01	9.999994e-01
1.860000e-01	9.999995e-01
1.870000e-01	9.999995e-01
1.880000e-01	9.999995e-01
1.890000e-01	9.999995e-01
1.900000e-01	9.999996e-01
1.910000e-01	9.999996e-01
1.920000e-01	9.999996e-01
1.930000e-01	9.999996e-01
1.940000e-01	9.999996e-01
1.950000e-01	9.999997e-01
1.960000e-01	9.999997e-01
1.970000e-01	9.999997e-01
1.980000e-01	9.999997e-01
1.990000e-01	9.999997e-01
2.000000e-01	9.999997e-01
2.010000e-01	9.999997e-01
2.020000e-01	9.999998e-01
2.030000e-01	9.999998e-01
2.040000e-01	9.999998e-01
2.050000e-01	9.999998e-01
2.060000e-01	9.999998e-01
2.070000e-01	9.999998e-01
2.080000e-01	9.999998e-01
2.090000e-01	9.999998e-01
2.100000e-01	9.999998e-01
2.110000e-01	9.999998e-01
2.120000e-01	9.999998e-01
2.130000e-01	9.999999e-01
2.140000e-01	9.999999e-01
2.150000e-01	9.999999e-01
2.160000e-01	9.999999e-01
2.170000e-01	9.999999e-01
2.180000e-01	9.999999e-01
2.190000e-01	9.999999e-01
2.200000e-01	9.999999e-01
2.210000e-01	9.999999e-01
2.220000e-01	9.999999e-01
2.230000e-01	9.999999e-01
2.240000e-01	9.999999e-01
2.250000e-01	9.999999e-01
2.260000e-01	9.999999e-01
2.270000e-01	9.999999e-01
2.280000e-01	9.999999e-01
2.290000e-01	9.999999e-01
2.300000e-01	9.999999e-01
2.310000e-01	9.999999e-01
2.320000e-01	9.999999e-01
2.330000e-01	9.999999e-01
2.340000e-01	1.000000e+00
2.350000e-01	1.000000e+00
2.360000e-01	1.000000e+00
2.370000e-01	1.000000e+00
2.380000e-01	1.000000e+00
2.390000e-01	1.000000e+00
2.400000e-01	1.000000e+00
2.410000e-01	1.000000e+00
2.420000e-01	1.000000e+00
2.430000e-01	1.000000e+00
2.440000e-01	1.000000e+00
2.450000e-01	1.000000e+00
2.460000e-01	1.000000e+00
2.470000e-01	1.000000e+00
2.480000e-01	1.000000e+00
2.490000e-01	1.000000e+00
2.500000e-01	1.000000e+00
2.510000e-01	1.000000e+00
2.520000e-01	1.000000e+00
2.530000e-01	1.000000e+00
2.540000e-01	1.000000e+00
2.550000e-01	1.000000e+00
2.560000e-01	1.000000e+00
2.570000e-01	1.000000e+00
2.580000e-01	1.000000e+00
2.590000e-01	1.000000e+00
2.600000e-01	1.000000e+00
2.610000e-01	1.000000e+00
2.620000e-01	1.000000e+00
2.630000e-01	1.000000e+00
2.640000e-01	1.000000e+00
2.650000e-01	1.000000e+00
2.660000e-01	1.000000e+00
2.670000e-01	1.000000e+00
2.680000e-01	1.000000e+00
2.690000e-01	1.000000e+00
2.700000e-01	1.000000e+00
2.710000e-01	1.000000e+00
2.720000e-01	1.000000e+00
2.730000e-01	1.000000e+00
2.740000e-01	1.000000e+00
2.750000e-01	1.000000e+00
2.760000e-01	1.000000e+00
2.770000e-01	1.000000e+00
2.780000e-01	1.000000e+00
2.790000e-01	1.000000e+00
2.800000e-01	1.000000e+00
2.810000e-01	1.000000e+00
2.820000e-01	1.000000e+00
2.830000e-01	1.000000e+00
2.840000e-01	1.000000e+00
2.850000e-01	1.000000e+00
2.860000e-01	1.000000e+00
2.870000e-01	1.000000e+00
2.880000e-01	1.000000e+00
2.890000e-01	1.000000e+00
2.900000e-01	1.000000e+00
2.910000e-01	1.000000e+00
2.920000e-01	1.000000e+00
2.930000e-01	1.000000e+00
2.940000e-01	1.000000e+00
2.950000e-01	1.000000e+00
2.960000e-01	1.000000e+00
2.970000e-01	1.000000e+00
2.980000e-01	1.000000e+00
2.990000e-01	1.000000e+00
3.000000e-01	1.000000e+00
3.010000e-01	1.000000e+00
3.020000e-01	1.000000e+00
3.030000e-01	1.000000e+00
3.040000e-01	1.000000e+00
3.050000e-01	1.000000e+00
3.060000e-01	1.000000e+00
3.070000e-01	1.000000e+00
3.080000e-01	1.000000e+00
3.090000e-01	1.000000e+00
3.100000e-01	1.000000e+00
3.110000e-01	1.000000e+00
3.120000e-01	1.000000e+00
3.130000e-01	1.000000e+00
3.140000e-01	1.000000e+00
3.150000e-01	1.000000e+00
3.160000e-01	1.000000e+00
3.170000e-01	1.000000e+00
3.180000e-01	1.000000e+00
3.190000e-01	1.000000e+00
3.200000e-01	1.000000e+00
3.210000e-01	1.000000e+00
3.220000e-01	1.000000e+00
3.230000e-01	1.000000e+00
3.240000e-01	1.000000e+00
3.250000e-01	1.000000e+00
3.260000e-01	1.000000e+00
3.270000e-01	1.000000e+00
3.280000e-01	1.000000e+00
3.290000e-01	1.000000e+00
3.300000e-01	1.000000e+00
3.310000e-01	1.000000e+00
3.320000e-01	1.000000e+00
3.330000e-01	1.000000e+00
3.340000e-01	1.000000e+00
3.350000e-01	1.000000e+00
3.360000e-01	1.000000e+00
3.370000e-01	1.000000e+00
3.380000e-01	1.000000e+00
3.390000e-01	1.000000e+00
3.400000e-01	1.000000e+00
3.410000e-01	1.000000e+00
3.420000e-01	1.000000e+00
3.430000e-01	1.000000e+00
3.440000e-01	1.000000e+00
3.450000e-01	1.000000e+00
3.460000e-01	1.000000e+00
3.470000e-01	1.000000e+00
3.480000e-01	1.000000e+00
3.490000e-01	1.000000e+00
3.500000e-01	1.000000e+00
3.510000e-01	1.000000e+00
3.520000e-01	1.000000e+00
3.530000e-01	1.000000e+00
3.540000e-01	1.000000e+00
3.550000e-01	1.000000e+00
3.560000e-01	1.000000e+00
3.570000e-01	1.000000e+00
3.580000e-01	1.000000e+00
3.590000e-01	1.000000e+00
3.600000e-01	1.000000e+00
3.610000e-01	1.000000e+00
3.620000e-01	1.000000e+00
3.630000e-01	1.000000e+00
3.640000e-01	1.000000e+00
3.650000e-01	1.000000e+00
3.660000e-01	1.000000e+00
3.670000e-01	1.000000e+00
3.680000e-01	1.000000e+00
3.690000e-01	1.000000e+00
3.700000e-01	1.000000e+00
3.710000e-01	1.000000e+00
3.720000e-01	1.000000e+00
3.730000e-01	1.000000e+00
3.740000e-01	1.000000e+00
3.750000e-01	1.000000e+00
3.760000e-01	1.000000e+00
3.770000e-01	1.000000e+00
3.780000e-01	1.000000e+00
3.790000e-01	1.000000e+00
3.800000e-01	1.000000e+00
3.810000e-01	1.000000e+00
3.820000e-01	1.000000e+00
3.830000e-01	1.000000e+00
3.840000e-01	1.000000e+00
3.850000e-01	1.000000e+00
3.860000e-01	1.000000e+00
3.870000e-01	1.000000e+00
3.880000e-01	1.000000e+00
3.890000e-01	1.000000e+00
3.900000e-01	1.000000e+00
3.910000e-01	1.000000e+00
3.920000e-01	1.000000e+00
3.930000e-01	1.000000e+00
3.940000e-01	1.000000e+00
3.950000e-01	1.000000e+00
3.960000e-01	1.000000e+00
3.970000e-01	1.000000e+00
3.980000e-01	1.000000e+00
3.990000e-01	1.000000e+00
4.000000e-01	1.000000e+00
4.010000e-01	1.000000e+00
4.020000e-01	1.000000e+00
4.030000e-01	1.000000e+00
4.040000e-01	1.000000e+00
4.050000e-01	1.000000e+00
4.060000e-01	1.000000e+00
4.070000e-01	1.000000e+00
4.080000e-01	1.000000e+00
4.090000e-01	1.000000e+00
4.100000e-01	1.000000e+00
4.110000e-01	1.000000e+00
4.120000e-01	1.000000e+00
4.130000e-01	1.000000e+00
4.140000e-01	1.000000e+00
4.150000e-01	1.000000e+00
4.160000e-01	1.000000e+00
4.170000e-01	1.000000e+00
4.180000e-01	1.000000e+00
4.190000e-01	1.000000e+00
4.200000e-01	1.000000e+00
4.210000e-01	1.000000e+00
4.220000e-01	1.000000e+00
4.230000e-01	1.000000e+00
4.240000e-01	1.000000e+00
4.250000e-01	1.000000e+00
4.260000e-01	1.000000e+00
4.270000e-01	1.000000e+00
4.280000e-01	1.000000e+00
4.290000e-01	1.000000e+00
4.300000e-01	1.000000e+00
4.310000e-01	1.000000e+00
4.320000e-01	1.000000e+00
4.330000e-01	1.000000e+00
4.340000e-01	1.000000e+00
4.350000e-01	1.000000e+00
4.360000e-01	1.000000e+00
4.370000e-01	1.000000e+00
4.380000e-01	1.000000e+00
4.390000e-01	1.000000e+00
4.400000e-01	1.000000e+00
4.410000e-01	1.000000e+00
4.420000e-01	1.000000e+00
4.430000e-01	1.000000e+00
4.440000e-01	1.000000e+00
4.450000e-01	1.000000e+00
4.460000e-01	1.000000e+00
4.470000e-01	1.000000e+00
4.480000e-01	1.000000e+00
4.490000e-01	1.000000e+00
4.500000e-01	1.000000e+00
4.510000e-01	1.000000e+00
4.520000e-01	1.000000e+00
4.530000e-01	1.000000e+00
4.540000e-01	1.000000e+00
4.550000e-01	1.000000e+00
4.560000e-01	1.000000e+00
4.570000e-01	1.000000e+00
4.580000e-01	1.000000e+00
4.590000e-01	1.000000e+00
4.600000e-01	1.000000e+00
4.610000e-01	1.000000e+00
4.620000e-01	1.000000e+00
4.630000e-01	1.000000e+00
4.640000e-01	1.000000e+00
4.650000e-01	1.000000e+00
4.660000e-01	1.000000e+00
4.670000e-01	1.000000e+00
4.680000e-01	1.000000e+00
4.690000e-01	1.000000e+00
4.700000e-01	1.000000e+00
4.710000e-01	1.000000e+00
4.720000e-01	1.000000e+00
4.730000e-01	1.000000e+00
4.740000e-01	1.000000e+00
4.750000e-01	1.000000e+00
4.760000e-01	1.000000e+00
4.770000e-01	1.000000e+00
4.780000e-01	1.000000e+00
4.790000e-01	1.000000e+00
4.800000e-01	1.000000e+00
4.810000e-01	1.000000e+00
4.820000e-01	1.000000e+00
4.830000e-01	1.000000e+00
4.840000e-01	1.000000e+00
4.850000e-01	1.000000e+00
4.860000e-01	1.000000e+00
4.870000e-01	1.000000e+00
4.880000e-01	1.000000e+00
4.890000e-01	1.000000e+00
4.900000e-01	1.000000e+00
4.910000e-01	1.000000e+00
4.920000e-01	1.000000e+00
4.930000e-01	1.000000e+00
4.940000e-01	1.000000e+00
4.950000e-01	1.000000e+00
4.960000e-01	1.000000e+00
4.970000e-01	1.000000e+00
4.980000e-01	1.000000e+00
4.990000e-01	1.000000e+00
5.000000e-01	1.000000e+00
5.010000e-01	1.000000e+00
5.020000e-01	1.000000e+00
5.030000e-01	1.000000e+00
5.040000e-01	1.000000e+00
5.050000e-01	1.000000e+00
5.060000e-01	1.000000e+00
5.070000e-01	1.000000e+00
5.080000e-01	1.000000e+00
5.090000e-01	1.000000e+00
5.100000e-01	1.000000e+00
5.110000e-01	1.000000e+00
5.120000e-01	1.000000e+00
5.130000e-01	1.000000e+00
5.140000e-01	1.000000e+00
5.150000e-01	1.000000e+00
5.160000e-01	1.000000e+00
5.170000e-01	1.000000e+00
5.180000e-01	1.000000e+00
5.190000e-01	1.000000e+00
5.200000e-01	1.000000e+00
5.210000e-01	1.000000e+00
5.220000e-01	1.000000e+00
5.230000e-01	1.000000e+00
5.240000e-01	1.000000e+00
5.250000e-01	1.000000e+00
5.260000e-01	1.000000e+00
5.270000e-01	1.000000e+00
5.280000e-01	1.000000e+00
5.290000e-01	1.000000e+00
5.300000e-01	1.000000e+00
5.310000e-01	1.000000e+00
5.320000e-01	1.000000e+00
5.330000e-01	1.000000e+00
5.340000e-01	1.000000e+00
5.350000e-01	1.000000e+00
5.360000e-01	1.000000e+00
5.370000e-01	1.000000e+00
5.380000e-01	1.000000e+00
5.390000e-01	1.000000e+00
5.400000e-01	1.000000e+00
5.410000e-01	1.000000e+00
5.420000e-01	1.000000e+00
5.430000e-01	1.000000e+00
5.440000e-01	1.000000e+00
5.450000e-01	1.000000e+00
5.460000e-01	1.000000e+00
5.470000e-01	1.000000e+00
5.480000e-01	1.000000e+00
5.490000e-01	1.000000e+00
5.500000e-01	1.000000e+00
5.510000e-01	1.000000e+00
5.520000e-01	1.000000e+00
5.530000e-01	1.000000e+00
5.540000e-01	1.000000e+00
5.550000e-01	1.000000e+00
5.560000e-01	1.000000e+00
5.570000e-01	1.000000e+00
5.580000e-01	1.000000e+00
5.590000e-01	1.000000e+00
5.600000e-01	1.000000e+00
5.610000e-01	1.000000e+00
5.620000e-01	1.000000e+00
5.630000e-01	1.000000e+00
5.640000e-01	1.000000e+00
5.650000e-01	1.000000e+00
5.660000e-01	1.000000e+00
5.670000e-01	1.000000e+00
5.680000e-01	1.000000e+00
5.690000e-01	1.000000e+00
5.700000e-01	1.000000e+00
5.710000e-01	1.000000e+00
5.720000e-01	1.000000e+00
5.730000e-01	1.000000e+00
5.740000e-01	1.000000e+00
5.750000e-01	1.000000e+00
5.760000e-01	1.000000e+00
5.770000e-01	1.000000e+00
5.780000e-01	1.000000e+00
5.790000e-01	1.000000e+00
5.800000e-01	1.000000e+00
5.810000e-01	1.000000e+00
5.820000e-01	1.000000e+00
5.830000e-01	1.000000e+00
5.840000e-01	1.000000e+00
5.850000e-01	1.000000e+00
5.860000e-01	1.000000e+00
5.870000e-01	1.000000e+00
5.880000e-01	1.000000e+00
5.890000e-01	1.000000e+00
5.900000e-01	1.000000e+00
5.910000e-01	1.000000e+00
5.920000e-01	1.000000e+00
5.930000e-01	1.000000e+00
5.940000e-01	1.000000e+00
5.950000e-01	1.000000e+00
5.960000e-01	1.000000e+00
5.970000e-01	1.000000e+00
5.980000e-01	1.000000e+00
5.990000e-01	1.000000e+00
6.000000e-01	1.000000e+00
6.010000e-01	1.000000e+00
6.020000e-01	1.000000e+00
6.030000e-01	1.000000e+00
6.040000e-01	1.000000e+00
6.050000e-01	1.000000e+00
6.060000e-01	1.000000e+00
6.070000e-01	1.000000e+00
6.080000e-01	1.000000e+00
6.090000e-01	1.000000e+00
6.100000e-01	1.000000e+00
6.110000e-01	1.000000e+00
6.120000e-01	1.000000e+00
6.130000e-01	1.000000e+00
6.140000e-01	1.000000e+00
6.150000e-01	1.000000e+00
6.160000e-01	1.000000e+00
6.170000e-01	1.000000e+00
6.180000e-01	1.000000e+00
6.190000e-01	1.000000e+00
6.200000e-01	1.000000e+00
6.210000e-01	1.000000e+00
6.220000e-01	1.000000e+00
6.230000e-01	1.000000e+00
6.240000e-01	1.000000e+00
6.250000e-01	1.000000e+00
6.260000e-01	1.000000e+00
6.270000e-01	1.000000e+00
6.280000e-01	1.000000e+00
6.290000e-01	1.000000e+00
6.300000e-01	1.000000e+00
6.310000e-01	1.000000e+00
6.320000e-01	1.000000e+00
6.330000e-01	1.000000e+00
6.340000e-01	1.000000e+00
6.350000e-01	1.000000e+00
6.360000e-01	1.000000e+00
6.370000e-01	1.000000e+00
6.380000e-01	1.000000e+00
6.390000e-01	1.000000e+00
6.400000e-01	1.000000e+00
6.410000e-01	1.000000e+00
6.420000e-01	1.000000e+00
6.430000e-01	1.000000e+00
6.440000e-01	1.000000e+00
6.450000e-01	1.000000e+00
6.460000e-01	1.000000e+00
6.470000e-01	1.000000e+00
6.480000e-01	1.000000e+00
6.490000e-01	1.000000e+00
6.500000e-01	1.000000e+00
6.510000e-01	1.000000e+00
6.520000e-01	1.000000e+00
6.530000e-01	1.000000e+00
6.540000e-01	1.000000e+00
6.550000e-01	1.000000e+00
6.560000e-01	1.000000e+00
6.570000e-01	1.000000e+00
6.580000e-01	1.000000e+00
6.590000e-01	1.000000e+00
6.600000e-01	1.000000e+00
6.610000e-01	1.000000e+00
6.620000e-01	1.000000e+00
6.630000e-01	1.000000e+00
6.640000e-01	1.000000e+00
6.650000e-01	1.000000e+00
6.660000e-01	1.000000e+00
6.670000e-01	1.000000e+00
6.680000e-01	1.000000e+00
6.690000e-01	1.000000e+00
6.700000e-01	1.000000e+00
6.710000e-01	1.000000e+00
6.720000e-01	1.000000e+00
6.730000e-01	1.000000e+00
6.740000e-01	1.000000e+00
6.750000e-01	1.000000e+00
6.760000e-01	1.000000e+00
6.770000e-01	1.000000e+00
6.780000e-01	1.000000e+00
6.790000e-01	1.000000e+00
6.800000e-01	1.000000e+00
6.810000e-01	1.000000e+00
6.820000e-01	1.000000e+00
6.830000e-01	1.000000e+00
6.840000e-01	1.000000e+00
6.850000e-01	1.000000e+00
6.860000e-01	1.000000e+00
6.870000e-01	1.000000e+00
6.880000e-01	1.000000e+00
6.890000e-01	1.000000e+00
6.900000e-01	1.000000e+00
6.910000e-01	1.000000e+00
6.920000e-01	1.000000e+00
6.930000e-01	1.000000e+00
6.940000e-01	1.000000e+00
6.950000e-01	1.000000e+00
6.960000e-01	1.000000e+00
6.970000e-01	1.000000e+00
6.980000e-01	1.000000e+00
6.990000e-01	1.000000e+00
7.000000e-01	1.000000e+00
7.010000e-01	1.000000e+00
7.020000e-01	1.000000e+00
7.030000e-01	1.000000e+00
7.040000e-01	1.000000e+00
7.050000e-01	1.000000e+00
7.060000e-01	1.000000e+00
7.070000e-01	1.000000e+00
7.080000e-01	1.000000e+00
7.090000e-01	1.000000e+00
7.100000e-01	1.000000e+00
7.110000e-01	1.000000e+00
7.120000e-01	1.000000e+00
7.130000e-01	1.000000e+00
7.140000e-01	1.000000e+00
7.150000e-01	1.000000e+00
7.160000e-01	1.000000e+00
7.170000e-01	1.000000e+00
7.180000e-01	1.000000e+00
7.190000e-01	1.000000e+00
7.200000e-01	1.000000e+00
7.210000e-01	1.000000e+00
7.220000e-01	1.000000e+00
7.230000e-01	1.000000e+00
7.240000e-01	1.000000e+00
7.250000e-01	1.000000e+00
7.260000e-01	1.000000e+00
7.270000e-01	1.000000e+00
7.280000e-01	1.000000e+00
7.290000e-01	1.000000e+00
7.300000e-01	1.000000e+00
7.310000e-01	1.000000e+00
7.320000e-01	1.000000e+00
7.330000e-01	1.000000e+00
7.340000e-01	1.000000e+00
7.350000e-01	1.000000e+00
7.360000e-01	1.000000e+00
7.370000e-01	1.000000e+00
7.380000e-01	1.000000e+00
7.390000e-01	1.000000e+00
7.400000e-01	1.000000e+00
7.410000e-01	1.000000e+00
7.420000e-01	1.000000e+00
7.430000e-01	1.000000e+00
7.440000e-01	1.000000e+00
7.450000e-01	1.000000e+00
7.460000e-01	1.000000e+00
7.470000e-01	1.000000e+00
7.480000e-01	1.000000e+00
7.490000e-01	1.000000e+00
7.500000e-01	1.000000e+00
7.510000e-01	1.000000e+00
7.520000e-01	1.000000e+00
7.530000e-01	1.000000e+00
7.540000e-01	1.000000e+00
7.550000e-01	1.000000e+00
7.560000e-01	1.000000e+00
7.570000e-01	1.000000e+00
7.580000e-01	1.000000e+00
7.590000e-01	1.000000e+00
7.600000e-01	1.000000e+00
7.610000e-01	1.000000e+00
7.620000e-01	1.000000e+00
7.630000e-01	1.000000e+00
7.640000e-01	1.000000e+00
7.650000e-01	1.000000e+00
7.660000e-01	1.000000e+00
7.670000e-01	1.000000e+00
7.680000e-01	1.000000e+00
7.690000e-01	1.000000e+00
7.700000e-01	1.000000e+00
7.710000e-01	1.000000e+00
7.720000e-01	1.000000e+00
7.730000e-01	1.000000e+00
7.740000e-01	1.000000e+00
7.750000e-01	1.000000e+00
7.760000e-01	1.000000e+00
7.770000e-01	1.000000e+00
7.780000e-01	1.000000e+00
7.790000e-01	1.000000e+00
7.800000e-01	1.000000e+00
7.810000e-01	1.000000e+00
7.820000e-01	1.000000e+00
7.830000e-01	1.000000e+00
7.840000e-01	1.000000e+00
7.850000e-01	1.000000e+00
7.860000e-01	1.000000e+00
7.870000e-01	1.000000e+00
7.880000e-01	1.000000e+00
7.890000e-01	1.000000e+00
7.900000e-01	1.000000e+00
7.910000e-01	1.000000e+00
7.920000e-01	1.000000e+00
7.930000e-01	1.000000e+00
7.940000e-01	1.000000e+00
7.950000e-01	1.000000e+00
7.960000e-01	1.000000e+00
7.970000e-01	1.000000e+00
7.980000e-01	1.000000e+00
7.990000e-01	1.000000e+00
8.000000e-01	1.000000e+00
8.010000e-01	1.000000e+00
8.020000e-01	1.000000e+00
8.030000e-01	1.000000e+00
8.040000e-01	1.000000e+00
8.050000e-01	1.000000e+00
8.060000e-01	1.000000e+00
8.070000e-01	1.000000e+00
8.080000e-01	1.000000e+00
8.090000e-01	1.000000e+00
8.100000e-01	1.000000e+00
8.110000e-01	1.000000e+00
8.120000e-01	1.000000e+00
8.130000e-01	1.000000e+00
8.140000e-01	1.000000e+00
8.150000e-01	1.000000e+00
8.160000e-01	1.000000e+00
8.170000e-01	1.000000e+00
8.180000e-01	1.000000e+00
8.190000e-01	1.000000e+00
8.200000e-01	1.000000e+00
8.210000e-01	1.000000e+00
8.220000e-01	1.000000e+00
8.230000e-01	1.000000e+00
8.240000e-01	1.000000e+00
8.250000e-01	1.000000e+00
8.260000e-01	1.000000e+00
8.270000e-01	1.000000e+00
8.280000e-01	1.000000e+00
8.290000e-01	1.000000e+00
8.300000e-01	1.000000e+00
8.310000e-01	1.000000e+00
8.320000e-01	1.000000e+00
8.330000e-01	1.000000e+00
8.340000e-01	1.000000e+00
8.350000e-01	1.000000e+00
8.360000e-01	1.000000e+00
8.370000e-01	1.000000e+00
8.380000e-01	1.000000e+00
8.390000e-01	1.000000e+00
8.400000e-01	1.000000e+00
8.410000e-01	1.000000e+00
8.420000e-01	1.000000e+00
8.430000e-01	1.000000e+00
8.440000e-01	1.000000e+00
8.450000e-01	1.000000e+00
8.460000e-01	1.000000e+00
8.470000e-01	1.000000e+00
8.480000e-01	1.000000e+00
8.490000e-01	1.000000e+00
8.500000e-01	1.000000e+00
8.510000e-01	1.000000e+00
8.520000e-01	1.000000e+00
8.530000e-01	1.000000e+00
8.540000e-01	1.000000e+00
8.550000e-01	1.000000e+00
8.560000e-01	1.000000e+00
8.570000e-01	1.000000e+00
8.580000e-01	1.000000e+00
8.590000e-01	1.000000e+00
8.600000e-01	1.000000e+00
8.610000e-01	1.000000e+00
8.620000e-01	1.000000e+00
8.630000e-01	1.000000e+00
8.640000e-01	1.000000e+00
8.650000e-01	1.000000e+00
8.660000e-01	1.000000e+00
8.670000e-01	1.000000e+00
8.680000e-01	1.000000e+00
8.690000e-01	1.000000e+00
8.700000e-01	1.000000e+00
8.710000e-01	1.000000e+00
8.720000e-01	1.000000e+00
8.730000e-01	1.000000e+00
8.740000e-01	1.000000e+00
8.750000e-01	1.000000e+00
8.760000e-01	1.000000e+00
8.770000e-01	1.000000e+00
8.780000e-01	1.000000e+00
8.790000e-01	1.000000e+00
8.800000e-01	1.000000e+00
8.810000e-01	1.000000e+00
8.820000e-01	1.000000e+00
8.830000e-01	1.000000e+00
8.840000e-01	1.000000e+00
8.850000e-01	1.000000e+00
8.860000e-01	1.000000e+00
8.870000e-01	1.000000e+00
8.880000e-01	1.000000e+00
8.890000e-01	1.000000e+00
8.900000e-01	1.000000e+00
8.910000e-01	1.000000e+00
8.920000e-01	1.000000e+00
8.930000e-01	1.000000e+00
8.940000e-01	1.000000e+00
8.950000e-01	1.000000e+00
8.960000e-01	1.000000e+00
8.970000e-01	1.000000e+00
8.980000e-01	1.000000e+00
8.990000e-01	1.000000e+00
9.000000e-01	1.000000e+00
9.010000e-01	1.000000e+00
9.020000e-01	1.000000e+00
9.030000e-01	1.000000e+00
9.040000e-01	1.000000e+00
9.050000e-01	1.000000e+00
9.060000e-01	1.000000e+00
9.070000e-01	1.000000e+00
9.080000e-01	1.000000e+00
9.090000e-01	1.000000e+00
9.100000e-01	1.000000e+00
9.110000e-01	1.000000e+00
9.120000e-01	1.000000e+00
9.130000e-01	1.000000e+00
9.140000e-01	1.000000e+00
9.150000e-01	1.000000e+00
9.160000e-01	1.000000e+00
9.170000e-01	1.000000e+00
9.180000e-01	1.000000e+00
9.190000e-01	1.000000e+00
9.200000e-01	1.000000e+00
9.210000e-01	1.000000e+00
9.220000e-01	1.000000e+00
9.230000e-01	1.000000e+00
9.240000e-01	1.000000e+00
9.250000e-01	1.000000e+00
9.260000e-01	1.000000e+00
9.270000e-01	1.000000e+00
9.280000e-01	1.000000e+00
9.290000e-01	1.000000e+00
9.300000e-01	1.000000e+00
9.310000e-01	1.000000e+00
9.320000e-01	1.000000e+00
9.330000e-01	1.000000e+00
9.340000e-01	1.000000e+00
9.350000e-01	1.000000e+00
9.360000e-01	1.000000e+00
9.370000e-01	1.000000e+00
9.380000e-01	1.000000e+00
9.390000e-01	1.000000e+00
9.400000e-01	1.000000e+00
9.410000e-01	1.000000e+00
9.420000e-01	1.000000e+00
9.430000e-01	1.000000e+00
9.440000e-01	1.000000e+00
9.450000e-01	1.000000e+00
9.460000e-01	1.000000e+00
9.470000e-01	1.000000e+00
9.480000e-01	1.000000e+00
9.490000e-01	1.000000e+00
9.500000e-01	1.000000e+00
9.510000e-01	1.000000e+00
9.520000e-01	1.000000e+00
9.530000e-01	1.000000e+00
9.540000e-01	1.000000e+00
9.550000e-01	1.000000e+00
9.560000e-01	1.000000e+00
9.570000e-01	1.000000e+00
9.580000e-01	1.000000e+00
9.590000e-01	1.000000e+00
9.600000e-01	1.000000e+00
9.610000e-01	1.000000e+00
9.620000e-01	1.000000e+00
9.630000e-01	1.000000e+00
9.640000e-01	1.000000e+00
9.650000e-01	1.000000e+00
9.660000e-01	1.000000e+00
9.670000e-01	1.000000e+00
9.680000e-01	1.000000e+00
9.690000e-01	1.000000e+00
9.700000e-01	1.000000e+00
9.710000e-01	1.000000e+00
9.720000e-01	1.000000e+00
9.730000e-01	1.000000e+00
9.740000e-01	1.000000e+00
9.750000e-01	1.000000e+00
9.760000e-01	1.000000e+00
9.770000e-01	1.000000e+00
9.780000e-01	1.000000e+00
9.790000e-01	1.000000e+00
9.800000e-01	1.000000e+00
9.810000e-01	1.000000e+00
9.820000e-01	1.000000e+00
9.830000e-01	1.000000e+00
9.840000e-01	1.000000e+00
9.850000e-01	1.000000e+00
9.860000e-01	1.000000e+00
9.870000e-01	1.000000e+00
9.880000e-01	1.000000e+00
9.890000e-01	1.000000e+00
9.900000e-01	1.000000e+00
9.910000e-01	1.000000e+00
9.920000e-01	1.000000e+00
9.930000e-01	1.000000e+00
9.940000e-01	1.000000e+00
9.950000e-01	1.000000e+00
9.960000e-01	1.000000e+00
9.970000e-01	1.000000e+00
9.980000e-01	1.000000e+00
9.990000e-01	1.000000e+00
