-1.000000e+00	0.000000e+00
-9.990000e-01	3.976620e-09
-9.980000e-01	7.594571e-09
-9.970000e-01	1.094563e-08
-9.960000e-01	1.403271e-08
-9.950000e-01	1.696914e-08
-9.940000e-01	1.971137e-08
-9.930000e-01	2.239342e-08
-9.920000e-01	2.493267e-08
-9.910000e-01	2.748368e-08
-9.900000e-01	2.992971e-08
-9.890000e-01	3.244628e-08
-9.880000e-01	3.488570e-08
-9.870000e-01	3.744528e-08
-9.860000e-01	3.994819e-08
-9.850000e-01	4.261475e-08
-9.840000e-01	4.523970e-08
-9.830000e-01	4.806794e-08
-9.820000e-01	5.086563e-08
-9.810000e-01	5.390415e-08
-9.800000e-01	5.692026e-08
-9.790000e-01	6.021401e-08
-9.780000e-01	6.349131e-08
-9.770000e-01	6.708338e-08
-9.760000e-01	7.066340e-08
-9.750000e-01	7.459652e-08
-9.740000e-01	7.852080e-08
-9.730000e-01	8.283846e-08
-9.720000e-01	8.714964e-08
-9.710000e-01	9.189702e-08
-9.700000e-01	9.663966e-08
-9.690000e-01	1.018645e-07
-9.680000e-01	1.070858e-07
-9.670000e-01	1.128389e-07
-9.660000e-01	1.185894e-07
-9.650000e-01	1.249254e-07
-9.640000e-01	1.312596e-07
-9.630000e-01	1.382377e-07
-9.620000e-01	1.452145e-07
-9.610000e-01	1.528988e-07
-9.600000e-01	1.605821e-07
-9.590000e-01	1.690421e-07
-9.580000e-01	1.775014e-07
-9.570000e-01	1.868130e-07
-9.560000e-01	1.961241e-07
-9.550000e-01	2.063698e-07
-9.540000e-01	2.166151e-07
-9.530000e-01	2.278847e-07
-9.520000e-01	2.391540e-07
-9.510000e-01	2.515455e-07
-9.500000e-01	2.639369e-07
-9.490000e-01	2.775570e-07
-9.480000e-01	2.911769e-07
-9.470000e-01	3.061418e-07
-9.460000e-01	3.211066e-07
-9.450000e-01	3.375429e-07
-9.440000e-01	3.539791e-07
-9.430000e-01	3.720246e-07
-9.420000e-01	3.900700e-07
-9.410000e-01	4.098745e-07
-9.400000e-01	4.296791e-07
-9.390000e-01	4.514059e-07
-9.380000e-01	4.731327e-07
-9.370000e-01	4.969591e-07
-9.360000e-01	5.207855e-07
-9.350000e-01	5.469044e-07
-9.340000e-01	5.730232e-07
-9.330000e-01	6.016440e-07
-9.320000e-01	6.302648e-07
-9.310000e-01	6.616151e-07
-9.300000e-01	6.929654e-07
-9.290000e-01	7.272923e-07
-9.280000e-01	7.616191e-07
-9.270000e-01	7.991905e-07
-9.260000e-01	8.367620e-07
-9.250000e-01	8.778688e-07
-9.240000e-01	9.189757e-07
-9.230000e-01	9.639332e-07
-9.220000e-01	1.008891e-06
-9.210000e-01	1.058041e-06
-9.200000e-01	1.107191e-06
-9.190000e-01	1.160903e-06
-9.180000e-01	1.214616e-06
-9.170000e-01	1.273292e-06
-9.160000e-01	1.331968e-06
-9.150000e-01	1.396042e-06
-9.140000e-01	1.460116e-06
-9.130000e-01	1.530056e-06
-9.120000e-01	1.599997e-06
-9.110000e-01	1.676313e-06
-9.100000e-01	1.752628e-06
-9.090000e-01	1.835868e-06
-9.080000e-01	1.919107e-06
-9.070000e-01	2.009863e-06
-9.060000e-01	2.100619e-06
-9.050000e-01	2.199533e-06
-9.040000e-01	2.298447e-06
-9.030000e-01	2.406211e-06
-9.020000e-01	2.513974e-06
-9.010000e-01	2.631334e-06
-9.000000e-01	2.748693e-06
-8.990000e-01	2.876454e-06
-8.980000e-01	3.004215e-06
-8.970000e-01	3.143245e-06
-8.960000e-01	3.282276e-06
-8.950000e-01	3.433512e-06
-8.940000e-01	3.584748e-06
-8.930000e-01	3.749198e-06
-8.920000e-01	3.913648e-06
-8.910000e-01	4.092399e-06
-8.900000e-01	4.271149e-06
-8.890000e-01	4.465368e-06
-8.880000e-01	4.659587e-06
-8.870000e-01	4.870532e-06
-8.860000e-01	5.081478e-06
-8.850000e-01	5.310503e-06
-8.840000e-01	5.539528e-06
-8.830000e-01	5.788086e-06
-8.820000e-01	6.036644e-06
-8.810000e-01	6.306298e-06
-8.800000e-01	6.575953e-06
-8.790000e-01	6.868381e-06
-8.780000e-01	7.160810e-06
-8.770000e-01	7.477816e-06
-8.760000e-01	7.794821e-06
-8.750000e-01	8.138337e-06
-8.740000e-01	8.481853e-06
-8.730000e-01	8.853955e-06
-8.720000e-01	9.226056e-06
-8.710000e-01	9.628968e-06
-8.700000e-01	1.003188e-05
-8.690000e-01	1.046798e-05
-8.680000e-01	1.090409e-05
-8.670000e-01	1.137595e-05
-8.660000e-01	1.184780e-05
-8.650000e-01	1.235814e-05
-8.640000e-01	1.286848e-05
-8.630000e-01	1.342023e-05
-8.620000e-01	1.397198e-05
-8.610000e-01	1.456828e-05
-8.600000e-01	1.516458e-05
-8.590000e-01	1.580877e-05
-8.580000e-01	1.645296e-05
-8.570000e-01	1.714864e-05
-8.560000e-01	1.784431e-05
-8.550000e-01	1.859529e-05
-8.540000e-01	1.934627e-05
-8.530000e-01	2.015664e-05
-8.520000e-01	2.096701e-05
-8.510000e-01	2.184114e-05
-8.500000e-01	2.271528e-05
-8.490000e-01	2.365783e-05
-8.480000e-01	2.460038e-05
-8.470000e-01	2.561631e-05
-8.460000e-01	2.663225e-05
-8.450000e-01	2.772687e-05
-8.440000e-01	2.882149e-05
-8.430000e-01	3.000044e-05
-8.420000e-01	3.117940e-05
-8.410000e-01	3.244869e-05
-8.400000e-01	3.371799e-05
-8.390000e-01	3.508404e-05
-8.380000e-01	3.645009e-05
-8.370000e-01	3.791971e-05
-8.360000e-01	3.938933e-05
-8.350000e-01	4.096977e-05
-8.340000e-01	4.255021e-05
-8.330000e-01	4.424918e-05
-8.320000e-01	4.594816e-05
-8.310000e-01	4.777388e-05
-8.300000e-01	4.959959e-05
-8.290000e-01	5.156075e-05
-8.280000e-01	5.352191e-05
-8.270000e-01	5.562778e-05
-8.260000e-01	5.773364e-05
-8.250000e-01	5.999403e-05
-8.240000e-01	6.225441e-05
-8.230000e-01	6.467975e-05
-8.220000e-01	6.710508e-05
-8.210000e-01	6.970642e-05
-8.200000e-01	7.230775e-05
-8.190000e-01	7.509681e-05
-8.180000e-01	7.788587e-05
-8.170000e-01	8.087507e-05
-8.160000e-01	8.386427e-05
-8.150000e-01	8.706677e-05
-8.140000e-01	9.026927e-05
-8.130000e-01	9.369901e-05
-8.120000e-01	9.712874e-05
-8.110000e-01	1.008004e-04
-8.100000e-01	1.044721e-04
-8.090000e-01	1.084014e-04
-8.080000e-01	1.123307e-04
-8.070000e-01	1.165340e-04
-8.060000e-01	1.207373e-04
-8.050000e-01	1.252321e-04
-8.040000e-01	1.297269e-04
-8.030000e-01	1.345316e-04
-8.020000e-01	1.393363e-04
-8.010000e-01	1.444704e-04
-8.000000e-01	1.496044e-04
-7.990000e-01	1.550883e-04
-7.980000e-01	1.605722e-04
-7.970000e-01	1.664275e-04
-7.960000e-01	1.722829e-04
-7.950000e-01	1.785327e-04
-7.940000e-01	1.847824e-04
-7.930000e-01	1.914505e-04
-7.920000e-01	1.981186e-04
-7.910000e-01	2.052305e-04
-7.900000e-01	2.123424e-04
-7.890000e-01	2.199247e-04
-7.880000e-01	2.275070e-04
-7.870000e-01	2.355879e-04
-7.860000e-01	2.436688e-04
-7.850000e-01	2.522778e-04
-7.840000e-01	2.608868e-04
-7.830000e-01	2.700550e-04
-7.820000e-01	2.792233e-04
-7.810000e-01	2.889835e-04
-7.800000e-01	2.987437e-04
-7.790000e-01	3.091301e-04
-7.780000e-01	3.195166e-04
-7.770000e-01	3.305654e-04
-7.760000e-01	3.416143e-04
-7.750000e-01	3.533633e-04
-7.740000e-01	3.651124e-04
-7.730000e-01	3.776015e-04
-7.720000e-01	3.900906e-04
-7.710000e-01	4.033614e-04
-7.700000e-01	4.166321e-04
-7.690000e-01	4.307283e-04
-7.680000e-01	4.448245e-04
-7.670000e-01	4.597918e-04
-7.660000e-01	4.747592e-04
-7.650000e-01	4.906457e-04
-7.640000e-01	5.065322e-04
-7.630000e-01	5.233881e-04
-7.620000e-01	5.402440e-04
-7.610000e-01	5.581218e-04
-7.600000e-01	5.759996e-04
-7.590000e-01	5.949544e-04
-7.580000e-01	6.139091e-04
-7.570000e-01	6.339983e-04
-7.560000e-01	6.540874e-04
-7.550000e-01	6.753709e-04
-7.540000e-01	6.966545e-04
-7.530000e-01	7.191952e-04
-7.520000e-01	7.417359e-04
-7.510000e-01	7.655993e-04
-7.500000e-01	7.894626e-04
-7.490000e-01	8.147170e-04
-7.480000e-01	8.399714e-04
-7.470000e-01	8.666880e-04
-7.460000e-01	8.934047e-04
-7.450000e-01	9.216579e-04
-7.440000e-01	9.499112e-04
-7.430000e-01	9.797785e-04
-7.420000e-01	1.009646e-03
-7.410000e-01	1.041208e-03
-7.400000e-01	1.072770e-03
-7.390000e-01	1.106111e-03
-7.380000e-01	1.139451e-03
-7.370000e-01	1.174658e-03
-7.360000e-01	1.209865e-03
-7.350000e-01	1.247029e-03
-7.340000e-01	1.284193e-03
-7.330000e-01	1.323408e-03
-7.320000e-01	1.362624e-03
-7.310000e-01	1.403989e-03
-7.300000e-01	1.445354e-03
-7.290000e-01	1.488971e-03
-7.280000e-01	1.532587e-03
-7.270000e-01	1.578562e-03
-7.260000e-01	1.624536e-03
-7.250000e-01	1.672978e-03
-7.240000e-01	1.721420e-03
-7.230000e-01	1.772444e-03
-7.220000e-01	1.823467e-03
-7.210000e-01	1.877190e-03
-7.200000e-01	1.930913e-03
-7.190000e-01	1.987458e-03
-7.180000e-01	2.044003e-03
-7.170000e-01	2.103497e-03
-7.160000e-01	2.162990e-03
-7.150000e-01	2.225564e-03
-7.140000e-01	2.288138e-03
-7.130000e-01	2.353927e-03
-7.120000e-01	2.419717e-03
-7.110000e-01	2.488862e-03
-7.100000e-01	2.558008e-03
-7.090000e-01	2.630655e-03
-7.080000e-01	2.703301e-03
-7.070000e-01	2.779599e-03
-7.060000e-01	2.855897e-03
-7.050000e-01	2.936002e-03
-7.040000e-01	3.016106e-03
-7.030000e-01	3.100175e-03
-7.020000e-01	3.184245e-03
-7.010000e-01	3.272446e-03
-7.000000e-01	3.360646e-03
-6.990000e-01	3.453147e-03
-6.980000e-01	3.545648e-03
-6.970000e-01	3.642625e-03
-6.960000e-01	3.739602e-03
-6.950000e-01	3.841234e-03
-6.940000e-01	3.942867e-03
-6.930000e-01	4.049342e-03
-6.920000e-01	4.155816e-03
-6.910000e-01	4.267324e-03
-6.900000e-01	4.378831e-03
-6.890000e-01	4.495568e-03
-6.880000e-01	4.612305e-03
-6.870000e-01	4.734473e-03
-6.860000e-01	4.856642e-03
-6.850000e-01	4.984449e-03
-6.840000e-01	5.112256e-03
-6.830000e-01	5.245915e-03
-6.820000e-01	5.379575e-03
-6.810000e-01	5.519305e-03
-6.800000e-01	5.659035e-03
-6.790000e-01	5.805060e-03
-6.780000e-01	5.951086e-03
-6.770000e-01	6.103636e-03
-6.760000e-01	6.256187e-03
-6.750000e-01	6.415498e-03
-6.740000e-01	6.574809e-03
-6.730000e-01	6.741123e-03
-6.720000e-01	6.907437e-03
-6.710000e-01	7.081000e-03
-6.700000e-01	7.254563e-03
-6.690000e-01	7.435628e-03
-6.680000e-01	7.616693e-03
-6.670000e-01	7.805519e-03
-6.660000e-01	7.994345e-03
-6.650000e-01	8.191195e-03
-6.640000e-01	8.388046e-03
-6.630000e-01	8.593191e-03
-6.620000e-01	8.798336e-03
-6.610000e-01	9.012051e-03
-6.600000e-01	9.225766e-03
-6.590000e-01	9.448332e-03
-6.580000e-01	9.670897e-03
-6.570000e-01	9.902600e-03
-6.560000e-01	1.013430e-02
-6.550000e-01	1.037544e-02
-6.540000e-01	1.061657e-02
-6.530000e-01	1.086743e-02
-6.520000e-01	1.111829e-02
-6.510000e-01	1.137917e-02
-6.500000e-01	1.164006e-02
-6.490000e-01	1.191129e-02
-6.480000e-01	1.218251e-02
-6.470000e-01	1.246439e-02
-6.460000e-01	1.274627e-02
-6.450000e-01	1.303911e-02
-6.440000e-01	1.333195e-02
-6.430000e-01	1.363609e-02
-6.420000e-01	1.394022e-02
-6.410000e-01	1.425598e-02
-6.400000e-01	1.457173e-02
-6.390000e-01	1.489944e-02
-6.380000e-01	1.522715e-02
-6.370000e-01	1.556714e-02
-6.360000e-01	1.590714e-02
-6.350000e-01	1.625976e-02
-6.340000e-01	1.661239e-02
-6.330000e-01	1.697799e-02
-6.320000e-01	1.734359e-02
-6.310000e-01	1.772251e-02
-6.300000e-01	1.810144e-02
-6.290000e-01	1.849405e-02
-6.280000e-01	1.888665e-02
-6.270000e-01	1.929330e-02
-6.260000e-01	1.969994e-02
-6.250000e-01	2.012098e-02
-6.240000e-01	2.054202e-02
-6.230000e-01	2.097782e-02
-6.220000e-01	2.141362e-02
-6.210000e-01	2.186455e-02
-6.200000e-01	2.231548e-02
-6.190000e-01	2.278191e-02
-6.180000e-01	2.324833e-02
-6.170000e-01	2.373063e-02
-6.160000e-01	2.421293e-02
-6.150000e-01	2.471148e-02
-6.140000e-01	2.521002e-02
-6.130000e-01	2.572519e-02
-6.120000e-01	2.624036e-02
-6.110000e-01	2.677252e-02
-6.100000e-01	2.730469e-02
-6.090000e-01	2.785424e-02
-6.080000e-01	2.840380e-02
-6.070000e-01	2.897111e-02
-6.060000e-01	2.953842e-02
-6.050000e-01	3.012388e-02
-6.040000e-01	3.070934e-02
-6.030000e-01	3.131333e-02
-6.020000e-01	3.191732e-02
-6.010000e-01	3.254022e-02
-6.000000e-01	3.316312e-02
-5.990000e-01	3.380532e-02
-5.980000e-01	3.444752e-02
-5.970000e-01	3.510939e-02
-5.960000e-01	3.577127e-02
-5.950000e-01	3.645321e-02
-5.940000e-01	3.713515e-02
-5.930000e-01	3.783753e-02
-5.920000e-01	3.853991e-02
-5.910000e-01	3.926312e-02
-5.900000e-01	3.998632e-02
-5.890000e-01	4.073073e-02
-5.880000e-01	4.147514e-02
-5.870000e-01	4.224113e-02
-5.860000e-01	4.300711e-02
-5.850000e-01	4.379505e-02
-5.840000e-01	4.458299e-02
-5.830000e-01	4.539326e-02
-5.820000e-01	4.620352e-02
-5.810000e-01	4.703648e-02
-5.800000e-01	4.786944e-02
-5.790000e-01	4.872545e-02
-5.780000e-01	4.958147e-02
-5.770000e-01	5.046090e-02
-5.760000e-01	5.134033e-02
-5.750000e-01	5.224354e-02
-5.740000e-01	5.314675e-02
-5.730000e-01	5.407409e-02
-5.720000e-01	5.500142e-02
-5.710000e-01	5.595323e-02
-5.700000e-01	5.690504e-02
-5.690000e-01	5.788167e-02
-5.680000e-01	5.885830e-02
-5.670000e-01	5.986007e-02
-5.660000e-01	6.086185e-02
-5.650000e-01	6.188911e-02
-5.640000e-01	6.291637e-02
-5.630000e-01	6.396943e-02
-5.620000e-01	6.502249e-02
-5.610000e-01	6.610168e-02
-5.600000e-01	6.718086e-02
-5.590000e-01	6.828647e-02
-5.580000e-01	6.939208e-02
-5.570000e-01	7.052442e-02
-5.560000e-01	7.165676e-02
-5.550000e-01	7.281613e-02
-5.540000e-01	7.397549e-02
-5.530000e-01	7.516216e-02
-5.520000e-01	7.634883e-02
-5.510000e-01	7.756308e-02
-5.500000e-01	7.877733e-02
-5.490000e-01	8.001943e-02
-5.480000e-01	8.126153e-02
-5.470000e-01	8.253173e-02
-5.460000e-01	8.380194e-02
-5.450000e-01	8.510049e-02
-5.440000e-01	8.639905e-02
-5.430000e-01	8.772619e-02
-5.420000e-01	8.905333e-02
-5.410000e-01	9.040929e-02
-5.400000e-01	9.176524e-02
-5.390000e-01	9.315022e-02
-5.380000e-01	9.453520e-02
-5.370000e-01	9.594941e-02
-5.360000e-01	9.736363e-02
-5.350000e-01	9.880726e-02
-5.340000e-01	1.002509e-01
-5.330000e-01	1.017241e-01
-5.320000e-01	1.031974e-01
-5.310000e-01	1.047004e-01
-5.300000e-01	1.062034e-01
-5.290000e-01	1.077363e-01
-5.280000e-01	1.092692e-01
-5.270000e-01	1.108322e-01
-5.260000e-01	1.123952e-01
-5.250000e-01	1.139884e-01
-5.240000e-01	1.155816e-01
-5.230000e-01	1.172051e-01
-5.220000e-01	1.188286e-01
-5.210000e-01	1.204825e-01
-5.200000e-01	1.221364e-01
-5.190000e-01	1.238208e-01
-5.180000e-01	1.255052e-01
-5.170000e-01	1.272202e-01
-5.160000e-01	1.289351e-01
-5.150000e-01	1.306807e-01
-5.140000e-01	1.324264e-01
-5.130000e-01	1.342026e-01
-5.120000e-01	1.359789e-01
-5.110000e-01	1.377859e-01
-5.100000e-01	1.395929e-01
-5.090000e-01	1.414306e-01
-5.080000e-01	1.432683e-01
-5.070000e-01	1.451367e-01
-5.060000e-01	1.470051e-01
-5.050000e-01	1.489043e-01
-5.040000e-01	1.508034e-01
-5.030000e-01	1.527332e-01
-5.020000e-01	1.546630e-01
-5.010000e-01	1.566234e-01
-5.000000e-01	1.585838e-01
-4.990000e-01	1.565748e-01
-4.980000e-01	1.545658e-01
-4.970000e-01	1.525873e-01
-4.960000e-01	1.506088e-01
-4.950000e-01	1.486606e-01
-4.940000e-01	1.467125e-01
-4.930000e-01	1.447946e-01
-4.920000e-01	1.428768e-01
-4.910000e-01	1.409891e-01
-4.900000e-01	1.391014e-01
-4.890000e-01	1.372437e-01
-4.880000e-01	1.353860e-01
-4.870000e-01	1.335582e-01
-4.860000e-01	1.317304e-01
-4.850000e-01	1.299322e-01
-4.840000e-01	1.281341e-01
-4.830000e-01	1.263654e-01
-4.820000e-01	1.245968e-01
-4.810000e-01	1.228574e-01
-4.800000e-01	1.211181e-01
-4.790000e-01	1.194078e-01
-4.780000e-01	1.176975e-01
-4.770000e-01	1.160160e-01
-4.760000e-01	1.143345e-01
-4.750000e-01	1.126816e-01
-4.740000e-01	1.110287e-01
-4.730000e-01	1.094041e-01
-4.720000e-01	1.077795e-01
-4.710000e-01	1.061830e-01
-4.700000e-01	1.045864e-01
-4.690000e-01	1.030175e-01
-4.680000e-01	1.014487e-01
-4.670000e-01	9.990722e-02
-4.660000e-01	9.836577e-02
-4.650000e-01	9.685138e-02
-4.640000e-01	9.533700e-02
-4.630000e-01	9.384934e-02
-4.620000e-01	9.236168e-02
-4.610000e-01	9.090038e-02
-4.600000e-01	8.943908e-02
-4.590000e-01	8.800376e-02
-4.580000e-01	8.656845e-02
-4.570000e-01	8.515873e-02
-4.560000e-01	8.374901e-02
-4.550000e-01	8.236447e-02
-4.540000e-01	8.097994e-02
-4.530000e-01	7.962017e-02
-4.520000e-01	7.826040e-02
-4.510000e-01	7.692496e-02
-4.500000e-01	7.558952e-02
-4.490000e-01	7.427797e-02
-4.480000e-01	7.296641e-02
-4.470000e-01	7.167828e-02
-4.460000e-01	7.039015e-02
-4.450000e-01	6.912496e-02
-4.440000e-01	6.785977e-02
-4.430000e-01	6.661704e-02
-4.420000e-01	6.537431e-02
-4.410000e-01	6.415353e-02
-4.400000e-01	6.293275e-02
-4.390000e-01	6.173342e-02
-4.380000e-01	6.053408e-02
-4.370000e-01	5.935566e-02
-4.360000e-01	5.817724e-02
-4.350000e-01	5.701919e-02
-4.340000e-01	5.586115e-02
-4.330000e-01	5.472292e-02
-4.320000e-01	5.358470e-02
-4.310000e-01	5.246575e-02
-4.300000e-01	5.134679e-02
-4.290000e-01	5.024652e-02
-4.280000e-01	4.914626e-02
-4.270000e-01	4.806410e-02
-4.260000e-01	4.698194e-02
-4.250000e-01	4.591729e-02
-4.240000e-01	4.485264e-02
-4.230000e-01	4.380491e-02
-4.220000e-01	4.275717e-02
-4.210000e-01	4.172573e-02
-4.200000e-01	4.069428e-02
-4.190000e-01	3.967851e-02
-4.180000e-01	3.866274e-02
-4.170000e-01	3.766201e-02
-4.160000e-01	3.666128e-02
-4.150000e-01	3.567495e-02
-4.140000e-01	3.468861e-02
-4.130000e-01	3.371603e-02
-4.120000e-01	3.274345e-02
-4.110000e-01	3.178396e-02
-4.100000e-01	3.082446e-02
-4.090000e-01	2.987740e-02
-4.080000e-01	2.893034e-02
-4.070000e-01	2.799503e-02
-4.060000e-01	2.705972e-02
-4.050000e-01	2.613549e-02
-4.040000e-01	2.521125e-02
-4.030000e-01	2.429741e-02
-4.020000e-01	2.338357e-02
-4.010000e-01	2.247943e-02
-4.000000e-01	2.157529e-02
-3.990000e-01	2.068016e-02
-3.980000e-01	1.978502e-02
-3.970000e-01	1.889819e-02
-3.960000e-01	1.801135e-02
-3.950000e-01	1.713212e-02
-3.940000e-01	1.625288e-02
-3.930000e-01	1.538052e-02
-3.920000e-01	1.450817e-02
-3.910000e-01	1.364198e-02
-3.900000e-01	1.277580e-02
-3.890000e-01	1.191507e-02
-3.880000e-01	1.105433e-02
-3.870000e-01	1.019833e-02
-3.860000e-01	9.342327e-03
-3.850000e-01	8.490328e-03
-3.840000e-01	7.638329e-03
-3.830000e-01	6.789609e-03
-3.820000e-01	5.940889e-03
-3.810000e-01	5.094719e-03
-3.800000e-01	4.248548e-03
-3.790000e-01	3.404198e-03
-3.780000e-01	2.559848e-03
-3.770000e-01	1.716586e-03
-3.760000e-01	8.733248e-04
-3.750000e-01	3.042058e-05
-3.740000e-01	-8.124837e-04
-3.730000e-01	-1.655763e-03
-3.720000e-01	-2.499042e-03
-3.710000e-01	-3.343427e-03
-3.700000e-01	-4.187812e-03
-3.690000e-01	-5.034035e-03
-3.680000e-01	-5.880258e-03
-3.670000e-01	-6.729048e-03
-3.660000e-01	-7.577838e-03
-3.650000e-01	-8.429924e-03
-3.640000e-01	-9.282010e-03
-3.630000e-01	-1.013812e-02
-3.620000e-01	-1.099423e-02
-3.610000e-01	-1.185508e-02
-3.600000e-01	-1.271594e-02
-3.590000e-01	-1.358226e-02
-3.580000e-01	-1.444858e-02
-3.570000e-01	-1.532109e-02
-3.560000e-01	-1.619360e-02
-3.550000e-01	-1.707302e-02
-3.540000e-01	-1.795243e-02
-3.530000e-01	-1.883945e-02
-3.520000e-01	-1.972648e-02
-3.510000e-01	-2.062182e-02
-3.500000e-01	-2.151716e-02
-3.490000e-01	-2.242153e-02
-3.480000e-01	-2.332589e-02
-3.470000e-01	-2.423997e-02
-3.460000e-01	-2.515405e-02
-3.450000e-01	-2.607854e-02
-3.440000e-01	-2.700303e-02
-3.430000e-01	-2.793861e-02
-3.420000e-01	-2.887420e-02
-3.410000e-01	-2.982155e-02
-3.400000e-01	-3.076890e-02
-3.390000e-01	-3.172870e-02
-3.380000e-01	-3.268850e-02
-3.370000e-01	-3.366140e-02
-3.360000e-01	-3.463431e-02
-3.350000e-01	-3.562098e-02
-3.340000e-01	-3.660765e-02
-3.330000e-01	-3.760873e-02
-3.320000e-01	-3.860982e-02
-3.310000e-01	-3.962596e-02
-3.300000e-01	-4.064210e-02
-3.290000e-01	-4.167392e-02
-3.280000e-01	-4.270575e-02
-3.270000e-01	-4.375388e-02
-3.260000e-01	-4.480202e-02
-3.250000e-01	-4.586708e-02
-3.240000e-01	-4.693214e-02
-3.230000e-01	-4.801473e-02
-3.220000e-01	-4.909731e-02
-3.210000e-01	-5.019802e-02
-3.200000e-01	-5.129873e-02
-3.190000e-01	-5.241814e-02
-3.180000e-01	-5.353755e-02
-3.170000e-01	-5.467624e-02
-3.160000e-01	-5.581493e-02
-3.150000e-01	-5.697346e-02
-3.140000e-01	-5.813199e-02
-3.130000e-01	-5.931090e-02
-3.120000e-01	-6.048982e-02
-3.110000e-01	-6.168966e-02
-3.100000e-01	-6.288950e-02
-3.090000e-01	-6.411080e-02
-3.080000e-01	-6.533209e-02
-3.070000e-01	-6.657536e-02
-3.060000e-01	-6.781862e-02
-3.050000e-01	-6.908435e-02
-3.040000e-01	-7.035008e-02
-3.030000e-01	-7.163876e-02
-3.020000e-01	-7.292745e-02
-3.010000e-01	-7.423957e-02
-3.000000e-01	-7.555168e-02
-2.990000e-01	-7.688769e-02
-2.980000e-01	-7.822371e-02
-2.970000e-01	-7.958406e-02
-2.960000e-01	-8.094441e-02
-2.950000e-01	-8.232954e-02
-2.940000e-01	-8.371466e-02
-2.930000e-01	-8.512498e-02
-2.920000e-01	-8.653531e-02
-2.910000e-01	-8.797123e-02
-2.900000e-01	-8.940715e-02
-2.890000e-01	-9.086907e-02
-2.880000e-01	-9.233098e-02
-2.870000e-01	-9.381927e-02
-2.860000e-01	-9.530755e-02
-2.850000e-01	-9.682257e-02
-2.840000e-01	-9.833758e-02
-2.830000e-01	-9.987967e-02
-2.820000e-01	-1.014218e-01
-2.810000e-01	-1.029913e-01
-2.800000e-01	-1.045608e-01
-2.790000e-01	-1.061580e-01
-2.780000e-01	-1.077552e-01
-2.770000e-01	-1.093804e-01
-2.760000e-01	-1.110057e-01
-2.750000e-01	-1.126592e-01
-2.740000e-01	-1.143128e-01
-2.730000e-01	-1.159949e-01
-2.720000e-01	-1.176771e-01
-2.710000e-01	-1.193880e-01
-2.700000e-01	-1.210990e-01
-2.690000e-01	-1.228390e-01
-2.680000e-01	-1.245790e-01
-2.670000e-01	-1.263483e-01
-2.660000e-01	-1.281177e-01
-2.650000e-01	-1.299165e-01
-2.640000e-01	-1.317153e-01
-2.630000e-01	-1.335438e-01
-2.620000e-01	-1.353723e-01
-2.610000e-01	-1.372306e-01
-2.600000e-01	-1.390890e-01
-2.590000e-01	-1.409773e-01
-2.580000e-01	-1.428657e-01
-2.570000e-01	-1.447842e-01
-2.560000e-01	-1.467027e-01
-2.550000e-01	-1.486515e-01
-2.540000e-01	-1.506003e-01
-2.530000e-01	-1.525795e-01
-2.520000e-01	-1.545587e-01
-2.510000e-01	-1.565684e-01
-2.500000e-01	-1.585780e-01
-2.490000e-01	-1.566183e-01
-2.480000e-01	-1.546585e-01
-2.470000e-01	-1.527293e-01
-2.460000e-01	-1.508002e-01
-2.450000e-01	-1.489017e-01
-2.440000e-01	-1.470032e-01
-2.430000e-01	-1.451354e-01
-2.420000e-01	-1.432677e-01
-2.410000e-01	-1.414306e-01
-2.400000e-01	-1.395935e-01
-2.390000e-01	-1.377871e-01
-2.380000e-01	-1.359808e-01
-2.370000e-01	-1.342051e-01
-2.360000e-01	-1.324295e-01
-2.350000e-01	-1.306845e-01
-2.340000e-01	-1.289395e-01
-2.330000e-01	-1.272251e-01
-2.320000e-01	-1.255107e-01
-2.310000e-01	-1.238269e-01
-2.300000e-01	-1.221431e-01
-2.290000e-01	-1.204898e-01
-2.280000e-01	-1.188365e-01
-2.270000e-01	-1.172135e-01
-2.260000e-01	-1.155906e-01
-2.250000e-01	-1.139980e-01
-2.240000e-01	-1.124054e-01
-2.230000e-01	-1.108429e-01
-2.220000e-01	-1.092805e-01
-2.210000e-01	-1.077481e-01
-2.200000e-01	-1.062157e-01
-2.190000e-01	-1.047132e-01
-2.180000e-01	-1.032108e-01
-2.170000e-01	-1.017381e-01
-2.160000e-01	-1.002653e-01
-2.150000e-01	-9.882220e-02
-2.140000e-01	-9.737907e-02
-2.130000e-01	-9.596535e-02
-2.120000e-01	-9.455163e-02
-2.110000e-01	-9.316713e-02
-2.100000e-01	-9.178262e-02
-2.090000e-01	-9.042713e-02
-2.080000e-01	-8.907164e-02
-2.070000e-01	-8.774495e-02
-2.060000e-01	-8.641826e-02
-2.050000e-01	-8.512014e-02
-2.040000e-01	-8.382202e-02
-2.030000e-01	-8.255224e-02
-2.020000e-01	-8.128246e-02
-2.010000e-01	-8.004077e-02
-2.000000e-01	-7.879907e-02
-1.990000e-01	-7.758521e-02
-1.980000e-01	-7.637135e-02
-1.970000e-01	-7.518506e-02
-1.960000e-01	-7.399877e-02
-1.950000e-01	-7.283977e-02
-1.940000e-01	-7.168076e-02
-1.930000e-01	-7.054877e-02
-1.920000e-01	-6.941677e-02
-1.910000e-01	-6.831149e-02
-1.900000e-01	-6.720621e-02
-1.890000e-01	-6.612734e-02
-1.880000e-01	-6.504847e-02
-1.870000e-01	-6.399570e-02
-1.860000e-01	-6.294294e-02
-1.850000e-01	-6.191596e-02
-1.840000e-01	-6.088898e-02
-1.830000e-01	-5.988747e-02
-1.820000e-01	-5.888596e-02
-1.810000e-01	-5.790958e-02
-1.800000e-01	-5.693320e-02
-1.790000e-01	-5.598163e-02
-1.780000e-01	-5.503005e-02
-1.770000e-01	-5.410293e-02
-1.760000e-01	-5.317581e-02
-1.750000e-01	-5.227280e-02
-1.740000e-01	-5.136979e-02
-1.730000e-01	-5.049055e-02
-1.720000e-01	-4.961130e-02
-1.710000e-01	-4.875545e-02
-1.700000e-01	-4.789960e-02
-1.690000e-01	-4.706680e-02
-1.680000e-01	-4.623400e-02
-1.670000e-01	-4.542387e-02
-1.660000e-01	-4.461374e-02
-1.650000e-01	-4.382592e-02
-1.640000e-01	-4.303811e-02
-1.630000e-01	-4.227223e-02
-1.620000e-01	-4.150635e-02
-1.610000e-01	-4.076203e-02
-1.600000e-01	-4.001771e-02
-1.590000e-01	-3.929458e-02
-1.580000e-01	-3.857145e-02
-1.570000e-01	-3.786913e-02
-1.560000e-01	-3.716681e-02
-1.550000e-01	-3.648492e-02
-1.540000e-01	-3.580303e-02
-1.530000e-01	-3.514119e-02
-1.520000e-01	-3.447935e-02
-1.510000e-01	-3.383717e-02
-1.500000e-01	-3.319499e-02
-1.490000e-01	-3.257209e-02
-1.480000e-01	-3.194920e-02
-1.470000e-01	-3.134520e-02
-1.460000e-01	-3.074120e-02
-1.450000e-01	-3.015572e-02
-1.440000e-01	-2.957024e-02
-1.430000e-01	-2.900289e-02
-1.420000e-01	-2.843554e-02
-1.410000e-01	-2.788595e-02
-1.400000e-01	-2.733635e-02
-1.390000e-01	-2.680412e-02
-1.380000e-01	-2.627190e-02
-1.370000e-01	-2.575666e-02
-1.360000e-01	-2.524142e-02
-1.350000e-01	-2.474280e-02
-1.340000e-01	-2.424417e-02
-1.330000e-01	-2.376178e-02
-1.320000e-01	-2.327939e-02
-1.310000e-01	-2.281286e-02
-1.300000e-01	-2.234633e-02
-1.290000e-01	-2.189529e-02
-1.280000e-01	-2.144424e-02
-1.270000e-01	-2.100832e-02
-1.260000e-01	-2.057240e-02
-1.250000e-01	-2.015122e-02
-1.240000e-01	-1.973005e-02
-1.230000e-01	-1.932327e-02
-1.220000e-01	-1.891649e-02
-1.210000e-01	-1.852373e-02
-1.200000e-01	-1.813098e-02
-1.190000e-01	-1.775189e-02
-1.180000e-01	-1.737281e-02
-1.170000e-01	-1.700704e-02
-1.160000e-01	-1.664128e-02
-1.150000e-01	-1.628848e-02
-1.140000e-01	-1.593568e-02
-1.130000e-01	-1.559551e-02
-1.120000e-01	-1.525533e-02
-1.110000e-01	-1.492744e-02
-1.100000e-01	-1.459955e-02
-1.090000e-01	-1.428360e-02
-1.080000e-01	-1.396766e-02
-1.070000e-01	-1.366332e-02
-1.060000e-01	-1.335899e-02
-1.050000e-01	-1.306595e-02
-1.040000e-01	-1.277290e-02
-1.030000e-01	-1.249082e-02
-1.020000e-01	-1.220873e-02
-1.010000e-01	-1.193730e-02
-1.000000e-01	-1.166586e-02
-9.900000e-02	-1.140475e-02
-9.800000e-02	-1.114365e-02
-9.700000e-02	-1.089257e-02
-9.600000e-02	-1.064149e-02
-9.500000e-02	-1.040014e-02
-9.400000e-02	-1.015878e-02
-9.300000e-02	-9.926853e-03
-9.200000e-02	-9.694924e-03
-9.100000e-02	-9.472130e-03
-9.000000e-02	-9.249336e-03
-8.900000e-02	-9.035391e-03
-8.800000e-02	-8.821446e-03
-8.700000e-02	-8.616068e-03
-8.600000e-02	-8.410691e-03
-8.500000e-02	-8.213607e-03
-8.400000e-02	-8.016522e-03
-8.300000e-02	-7.827462e-03
-8.200000e-02	-7.638401e-03
-8.100000e-02	-7.457100e-03
-8.000000e-02	-7.275799e-03
-7.900000e-02	-7.102000e-03
-7.800000e-02	-6.928200e-03
-7.700000e-02	-6.761650e-03
-7.600000e-02	-6.595100e-03
-7.500000e-02	-6.435552e-03
-7.400000e-02	-6.276004e-03
-7.300000e-02	-6.123218e-03
-7.200000e-02	-5.970431e-03
-7.100000e-02	-5.824170e-03
-7.000000e-02	-5.677909e-03
-6.900000e-02	-5.537944e-03
-6.800000e-02	-5.397980e-03
-6.700000e-02	-5.264087e-03
-6.600000e-02	-5.130194e-03
-6.500000e-02	-5.002154e-03
-6.400000e-02	-4.874115e-03
-6.300000e-02	-4.751716e-03
-6.200000e-02	-4.629317e-03
-6.100000e-02	-4.512351e-03
-6.000000e-02	-4.395386e-03
-5.900000e-02	-4.283652e-03
-5.800000e-02	-4.171917e-03
-5.700000e-02	-4.065218e-03
-5.600000e-02	-3.958519e-03
-5.500000e-02	-3.856664e-03
-5.400000e-02	-3.754809e-03
-5.300000e-02	-3.657613e-03
-5.200000e-02	-3.560416e-03
-5.100000e-02	-3.467698e-03
-5.000000e-02	-3.374980e-03
-4.900000e-02	-3.286566e-03
-4.800000e-02	-3.198151e-03
-4.700000e-02	-3.113871e-03
-4.600000e-02	-3.029590e-03
-4.500000e-02	-2.949278e-03
-4.400000e-02	-2.868966e-03
-4.300000e-02	-2.792463e-03
-4.200000e-02	-2.715960e-03
-4.100000e-02	-2.643112e-03
-4.000000e-02	-2.570264e-03
-3.900000e-02	-2.500921e-03
-3.800000e-02	-2.431578e-03
-3.700000e-02	-2.365594e-03
-3.600000e-02	-2.299610e-03
-3.500000e-02	-2.236846e-03
-3.400000e-02	-2.174082e-03
-3.300000e-02	-2.114401e-03
-3.200000e-02	-2.054721e-03
-3.100000e-02	-1.997992e-03
-3.000000e-02	-1.941264e-03
-2.900000e-02	-1.887362e-03
-2.800000e-02	-1.833460e-03
-2.700000e-02	-1.782261e-03
-2.600000e-02	-1.731062e-03
-2.500000e-02	-1.682449e-03
-2.400000e-02	-1.633836e-03
-2.300000e-02	-1.587694e-03
-2.200000e-02	-1.541552e-03
-2.100000e-02	-1.497771e-03
-2.000000e-02	-1.453991e-03
-1.900000e-02	-1.412466e-03
-1.800000e-02	-1.370942e-03
-1.700000e-02	-1.331571e-03
-1.600000e-02	-1.292200e-03
-1.500000e-02	-1.254884e-03
-1.400000e-02	-1.217569e-03
-1.300000e-02	-1.182214e-03
-1.200000e-02	-1.146860e-03
-1.100000e-02	-1.113375e-03
-1.000000e-02	-1.079891e-03
-9.000000e-03	-1.048189e-03
-8.000000e-03	-1.016488e-03
-7.000000e-03	-9.864846e-04
-6.000000e-03	-9.564815e-04
-5.000000e-03	-9.280964e-04
-4.000000e-03	-8.997113e-04
-3.000000e-03	-8.728667e-04
-2.000000e-03	-8.460221e-04
-1.000000e-03	-8.206436e-04
0.000000e+00	-7.952651e-04
1.000000e-03	-7.712814e-04
2.000000e-03	-7.472978e-04
3.000000e-03	-7.246405e-04
4.000000e-03	-7.019832e-04
5.000000e-03	-6.805867e-04
6.000000e-03	-6.591903e-04
7.000000e-03	-6.389920e-04
8.000000e-03	-6.187936e-04
9.000000e-03	-5.997333e-04
1.000000e-02	-5.806729e-04
1.100000e-02	-5.626930e-04
1.200000e-02	-5.447131e-04
1.300000e-02	-5.277586e-04
1.400000e-02	-5.108041e-04
1.500000e-02	-4.948224e-04
1.600000e-02	-4.788407e-04
1.700000e-02	-4.637815e-04
1.800000e-02	-4.487223e-04
1.900000e-02	-4.345375e-04
2.000000e-02	-4.203528e-04
2.100000e-02	-4.069967e-04
2.200000e-02	-3.936406e-04
2.300000e-02	-3.810693e-04
2.400000e-02	-3.684980e-04
2.500000e-02	-3.566698e-04
2.600000e-02	-3.448416e-04
2.700000e-02	-3.337166e-04
2.800000e-02	-3.225916e-04
2.900000e-02	-3.121320e-04
3.000000e-02	-3.016723e-04
3.100000e-02	-2.918418e-04
3.200000e-02	-2.820113e-04
3.300000e-02	-2.727754e-04
3.400000e-02	-2.635396e-04
3.500000e-02	-2.548657e-04
3.600000e-02	-2.461919e-04
3.700000e-02	-2.380488e-04
3.800000e-02	-2.299056e-04
3.900000e-02	-2.222637e-04
4.000000e-02	-2.146217e-04
4.100000e-02	-2.074526e-04
4.200000e-02	-2.002835e-04
4.300000e-02	-1.935606e-04
4.400000e-02	-1.868377e-04
4.500000e-02	-1.805356e-04
4.600000e-02	-1.742334e-04
4.700000e-02	-1.683278e-04
4.800000e-02	-1.624223e-04
4.900000e-02	-1.568904e-04
5.000000e-02	-1.513585e-04
5.100000e-02	-1.461786e-04
5.200000e-02	-1.409987e-04
5.300000e-02	-1.361502e-04
5.400000e-02	-1.313016e-04
5.500000e-02	-1.267650e-04
5.600000e-02	-1.222283e-04
5.700000e-02	-1.179851e-04
5.800000e-02	-1.137418e-04
5.900000e-02	-1.097745e-04
6.000000e-02	-1.058071e-04
6.100000e-02	-1.020991e-04
6.200000e-02	-9.839108e-05
6.300000e-02	-9.492674e-05
6.400000e-02	-9.146241e-05
6.500000e-02	-8.822695e-05
6.600000e-02	-8.499149e-05
6.700000e-02	-8.197092e-05
6.800000e-02	-7.895035e-05
6.900000e-02	-7.613144e-05
7.000000e-02	-7.331254e-05
7.100000e-02	-7.068282e-05
7.200000e-02	-6.805311e-05
7.300000e-02	-6.560080e-05
7.400000e-02	-6.314849e-05
7.500000e-02	-6.086248e-05
7.600000e-02	-5.857647e-05
7.700000e-02	-5.644627e-05
7.800000e-02	-5.431608e-05
7.900000e-02	-5.233183e-05
8.000000e-02	-5.034758e-05
8.100000e-02	-4.849996e-05
8.200000e-02	-4.665235e-05
8.300000e-02	-4.493261e-05
8.400000e-02	-4.321287e-05
8.500000e-02	-4.161275e-05
8.600000e-02	-4.001263e-05
8.700000e-02	-3.852438e-05
8.800000e-02	-3.703612e-05
8.900000e-02	-3.565243e-05
9.000000e-02	-3.426874e-05
9.100000e-02	-3.298275e-05
9.200000e-02	-3.169676e-05
9.300000e-02	-3.050203e-05
9.400000e-02	-2.930729e-05
9.500000e-02	-2.819775e-05
9.600000e-02	-2.708820e-05
9.700000e-02	-2.605817e-05
9.800000e-02	-2.502813e-05
9.900000e-02	-2.407227e-05
1.000000e-01	-2.311641e-05
1.010000e-01	-2.222971e-05
1.020000e-01	-2.134301e-05
1.030000e-01	-2.052078e-05
1.040000e-01	-1.969855e-05
1.050000e-01	-1.893639e-05
1.060000e-01	-1.817423e-05
1.070000e-01	-1.746802e-05
1.080000e-01	-1.676182e-05
1.090000e-01	-1.610770e-05
1.100000e-01	-1.545358e-05
1.110000e-01	-1.484793e-05
1.120000e-01	-1.424229e-05
1.130000e-01	-1.368174e-05
1.140000e-01	-1.312119e-05
1.150000e-01	-1.260258e-05
1.160000e-01	-1.208396e-05
1.170000e-01	-1.160433e-05
1.180000e-01	-1.112469e-05
1.190000e-01	-1.068127e-05
1.200000e-01	-1.023785e-05
1.210000e-01	-9.828074e-06
1.220000e-01	-9.418293e-06
1.230000e-01	-9.039742e-06
1.240000e-01	-8.661191e-06
1.250000e-01	-8.311622e-06
1.260000e-01	-7.962053e-06
1.270000e-01	-7.639370e-06
1.280000e-01	-7.316687e-06
1.290000e-01	-7.018935e-06
1.300000e-01	-6.721182e-06
1.310000e-01	-6.446539e-06
1.320000e-01	-6.171896e-06
1.330000e-01	-5.918665e-06
1.340000e-01	-5.665433e-06
1.350000e-01	-5.432033e-06
1.360000e-01	-5.198633e-06
1.370000e-01	-4.983593e-06
1.380000e-01	-4.768553e-06
1.390000e-01	-4.570504e-06
1.400000e-01	-4.372455e-06
1.410000e-01	-4.190124e-06
1.420000e-01	-4.007793e-06
1.430000e-01	-3.839996e-06
1.440000e-01	-3.672199e-06
1.450000e-01	-3.517837e-06
1.460000e-01	-3.363475e-06
1.470000e-01	-3.221526e-06
1.480000e-01	-3.079577e-06
1.490000e-01	-2.949092e-06
1.500000e-01	-2.818608e-06
1.510000e-01	-2.698708e-06
1.520000e-01	-2.578808e-06
1.530000e-01	-2.468676e-06
1.540000e-01	-2.358543e-06
1.550000e-01	-2.257422e-06
1.560000e-01	-2.156300e-06
1.570000e-01	-2.063488e-06
1.580000e-01	-1.970675e-06
1.590000e-01	-1.885521e-06
1.600000e-01	-1.800367e-06
1.610000e-01	-1.722270e-06
1.620000e-01	-1.644172e-06
1.630000e-01	-1.572574e-06
1.640000e-01	-1.500976e-06
1.650000e-01	-1.435361e-06
1.660000e-01	-1.369746e-06
1.670000e-01	-1.309637e-06
1.680000e-01	-1.249529e-06
1.690000e-01	-1.194486e-06
1.700000e-01	-1.139443e-06
1.710000e-01	-1.089057e-06
1.720000e-01	-1.038672e-06
1.730000e-01	-9.925674e-07
1.740000e-01	-9.464633e-07
1.750000e-01	-9.042927e-07
1.760000e-01	-8.621222e-07
1.770000e-01	-8.235644e-07
1.780000e-01	-7.850067e-07
1.790000e-01	-7.497657e-07
1.800000e-01	-7.145247e-07
1.810000e-01	-6.823275e-07
1.820000e-01	-6.501304e-07
1.830000e-01	-6.207254e-07
1.840000e-01	-5.913204e-07
1.850000e-01	-5.644757e-07
1.860000e-01	-5.376311e-07
1.870000e-01	-5.131333e-07
1.880000e-01	-4.886354e-07
1.890000e-01	-4.662878e-07
1.900000e-01	-4.439402e-07
1.910000e-01	-4.235619e-07
1.920000e-01	-4.031836e-07
1.930000e-01	-3.846083e-07
1.940000e-01	-3.660329e-07
1.950000e-01	-3.491074e-07
1.960000e-01	-3.321819e-07
1.970000e-01	-3.167657e-07
1.980000e-01	-3.013496e-07
1.990000e-01	-2.873135e-07
2.000000e-01	-2.732774e-07
2.010000e-01	-2.605027e-07
2.020000e-01	-2.477281e-07
2.030000e-01	-2.361060e-07
2.040000e-01	-2.244839e-07
2.050000e-01	-2.139144e-07
2.060000e-01	-2.033450e-07
2.070000e-01	-1.937365e-07
2.080000e-01	-1.841280e-07
2.090000e-01	-1.753966e-07
2.100000e-01	-1.666651e-07
2.110000e-01	-1.587336e-07
2.120000e-01	-1.508021e-07
2.130000e-01	-1.436001e-07
2.140000e-01	-1.363980e-07
2.150000e-01	-1.298609e-07
2.160000e-01	-1.233238e-07
2.170000e-01	-1.173924e-07
2.180000e-01	-1.114611e-07
2.190000e-01	-1.060815e-07
2.200000e-01	-1.007019e-07
2.210000e-01	-9.582460e-08
2.220000e-01	-9.094729e-08
2.230000e-01	-8.652707e-08
2.240000e-01	-8.210686e-08
2.250000e-01	-7.810245e-08
2.260000e-01	-7.409804e-08
2.270000e-01	-7.047171e-08
2.280000e-01	-6.684539e-08
2.290000e-01	-6.356272e-08
2.300000e-01	-6.028006e-08
2.310000e-01	-5.730963e-08
2.320000e-01	-5.433920e-08
2.330000e-01	-5.165234e-08
2.340000e-01	-4.896549e-08
2.350000e-01	-4.653607e-08
2.360000e-01	-4.410666e-08
2.370000e-01	-4.191086e-08
2.380000e-01	-3.971507e-08
2.390000e-01	-3.773120e-08
2.400000e-01	-3.574733e-08
2.410000e-01	-3.395563e-08
2.420000e-01	-3.216392e-08
2.430000e-01	-3.054639e-08
2.440000e-01	-2.892886e-08
2.450000e-01	-2.746913e-08
2.460000e-01	-2.600941e-08
2.470000e-01	-2.469260e-08
2.480000e-01	-2.337580e-08
2.490000e-01	-2.218838e-08
2.500000e-01	-2.100096e-08
2.510000e-01	-1.993063e-08
2.520000e-01	-1.886030e-08
2.530000e-01	-1.789588e-08
2.540000e-01	-1.693147e-08
2.550000e-01	-1.606283e-08
2.560000e-01	-1.519418e-08
2.570000e-01	-1.441210e-08
2.580000e-01	-1.363002e-08
2.590000e-01	-1.292615e-08
2.600000e-01	-1.222227e-08
2.610000e-01	-1.158903e-08
2.620000e-01	-1.095580e-08
2.630000e-01	-1.038632e-08
2.640000e-01	-9.816852e-09
2.650000e-01	-9.304922e-09
2.660000e-01	-8.792994e-09
2.670000e-01	-8.332971e-09
2.680000e-01	-7.872950e-09
2.690000e-01	-7.459732e-09
2.700000e-01	-7.046515e-09
2.710000e-01	-6.675483e-09
2.720000e-01	-6.304451e-09
2.730000e-01	-5.971428e-09
2.740000e-01	-5.638405e-09
2.750000e-01	-5.339612e-09
2.760000e-01	-5.040820e-09
2.770000e-01	-4.772843e-09
2.780000e-01	-4.504867e-09
2.790000e-01	-4.264622e-09
2.800000e-01	-4.024377e-09
2.810000e-01	-3.809077e-09
2.820000e-01	-3.593777e-09
2.830000e-01	-3.400906e-09
2.840000e-01	-3.208037e-09
2.850000e-01	-3.035326e-09
2.860000e-01	-2.862617e-09
2.870000e-01	-2.708019e-09
2.880000e-01	-2.553422e-09
2.890000e-01	-2.415092e-09
2.900000e-01	-2.276763e-09
2.910000e-01	-2.153036e-09
2.920000e-01	-2.029310e-09
2.930000e-01	-1.918687e-09
2.940000e-01	-1.808066e-09
2.950000e-01	-1.709199e-09
2.960000e-01	-1.610334e-09
2.970000e-01	-1.522007e-09
2.980000e-01	-1.433681e-09
2.990000e-01	-1.354802e-09
3.000000e-01	-1.275924e-09
3.010000e-01	-1.205509e-09
3.020000e-01	-1.135094e-09
3.030000e-01	-1.072260e-09
3.040000e-01	-1.009426e-09
3.050000e-01	-9.533776e-10
3.060000e-01	-8.973299e-10
3.070000e-01	-8.473544e-10
3.080000e-01	-7.973792e-10
3.090000e-01	-7.528358e-10
3.100000e-01	-7.082928e-10
3.110000e-01	-6.686061e-10
3.120000e-01	-6.289202e-10
3.130000e-01	-5.935750e-10
3.140000e-01	-5.582301e-10
3.150000e-01	-5.267635e-10
3.160000e-01	-4.952974e-10
3.170000e-01	-4.672946e-10
3.180000e-01	-4.392924e-10
3.190000e-01	-4.143819e-10
3.200000e-01	-3.894718e-10
3.210000e-01	-3.673210e-10
3.220000e-01	-3.451703e-10
3.230000e-01	-3.254808e-10
3.240000e-01	-3.057916e-10
3.250000e-01	-2.882968e-10
3.260000e-01	-2.708023e-10
3.270000e-01	-2.552638e-10
3.280000e-01	-2.397254e-10
3.290000e-01	-2.259295e-10
3.300000e-01	-2.121339e-10
3.310000e-01	-1.998903e-10
3.320000e-01	-1.876468e-10
3.330000e-01	-1.767848e-10
3.340000e-01	-1.659232e-10
3.350000e-01	-1.562904e-10
3.360000e-01	-1.466585e-10
3.370000e-01	-1.381195e-10
3.380000e-01	-1.295812e-10
3.390000e-01	-1.220148e-10
3.400000e-01	-1.144489e-10
3.410000e-01	-1.077469e-10
3.420000e-01	-1.010454e-10
3.430000e-01	-9.511125e-11
3.440000e-01	-8.917778e-11
3.450000e-01	-8.392542e-11
3.460000e-01	-7.867385e-11
3.470000e-01	-7.402701e-11
3.480000e-01	-6.938095e-11
3.490000e-01	-6.527134e-11
3.500000e-01	-6.116241e-11
3.510000e-01	-5.752931e-11
3.520000e-01	-5.389711e-11
3.530000e-01	-5.068634e-11
3.540000e-01	-4.747669e-11
3.550000e-01	-4.464051e-11
3.560000e-01	-4.180500e-11
3.570000e-01	-3.930101e-11
3.580000e-01	-3.679723e-11
3.590000e-01	-3.458689e-11
3.600000e-01	-3.237699e-11
3.610000e-01	-3.042688e-11
3.620000e-01	-2.847711e-11
3.630000e-01	-2.675715e-11
3.640000e-01	-2.503753e-11
3.650000e-01	-2.352107e-11
3.660000e-01	-2.200518e-11
3.670000e-01	-2.066858e-11
3.680000e-01	-1.933276e-11
3.690000e-01	-1.815526e-11
3.700000e-01	-1.697864e-11
3.710000e-01	-1.594180e-11
3.720000e-01	-1.490563e-11
3.730000e-01	-1.399292e-11
3.740000e-01	-1.308087e-11
3.750000e-01	-1.227807e-11
3.760000e-01	-1.147527e-11
3.770000e-01	-1.076939e-11
3.780000e-01	-1.006328e-11
3.790000e-01	-9.442669e-12
3.800000e-01	-8.821832e-12
3.810000e-01	-8.276491e-12
3.820000e-01	-7.730705e-12
3.830000e-01	-7.251755e-12
3.840000e-01	-6.772360e-12
3.850000e-01	-6.351808e-12
3.860000e-01	-5.930589e-12
3.870000e-01	-5.561662e-12
3.880000e-01	-5.191736e-12
3.890000e-01	-4.868106e-12
3.900000e-01	-4.543477e-12
3.910000e-01	-4.259593e-12
3.920000e-01	-3.975043e-12
3.930000e-01	-3.725908e-12
3.940000e-01	-3.476663e-12
3.950000e-01	-3.258283e-12
3.960000e-01	-3.040013e-12
3.970000e-01	-2.848388e-12
3.980000e-01	-2.657208e-12
3.990000e-01	-2.489564e-12
4.000000e-01	-2.322031e-12
4.010000e-01	-2.175371e-12
4.020000e-01	-2.028600e-12
4.030000e-01	-1.900258e-12
4.040000e-01	-1.772027e-12
4.050000e-01	-1.659561e-12
4.060000e-01	-1.547540e-12
4.070000e-01	-1.449285e-12
4.080000e-01	-1.351363e-12
4.090000e-01	-1.265321e-12
4.100000e-01	-1.179945e-12
4.110000e-01	-1.104672e-12
4.120000e-01	-1.030065e-12
4.130000e-01	-9.645618e-13
4.140000e-01	-8.992806e-13
4.150000e-01	-8.422152e-13
4.160000e-01	-7.851497e-13
4.170000e-01	-7.351897e-13
4.180000e-01	-6.856737e-13
4.190000e-01	-6.421530e-13
4.200000e-01	-5.988543e-13
4.210000e-01	-5.608847e-13
4.220000e-01	-5.231371e-13
4.230000e-01	-4.901635e-13
4.240000e-01	-4.574119e-13
4.250000e-01	-4.285461e-13
4.260000e-01	-4.001244e-13
4.270000e-01	-3.750333e-13
4.280000e-01	-3.503864e-13
4.290000e-01	-3.285150e-13
4.300000e-01	-3.070877e-13
4.310000e-01	-2.881029e-13
4.320000e-01	-2.694511e-13
4.330000e-01	-2.529088e-13
4.340000e-01	-2.369216e-13
4.350000e-01	-2.224887e-13
4.360000e-01	-2.084999e-13
4.370000e-01	-1.958433e-13
4.380000e-01	-1.838529e-13
4.390000e-01	-1.729727e-13
4.400000e-01	-1.624256e-13
4.410000e-01	-1.529887e-13
4.420000e-01	-1.438849e-13
4.430000e-01	-1.354472e-13
4.440000e-01	-1.276756e-13
4.450000e-01	-1.204592e-13
4.460000e-01	-1.136868e-13
4.470000e-01	-1.076916e-13
4.480000e-01	-1.019185e-13
4.490000e-01	-9.658940e-14
4.500000e-01	-9.170442e-14
4.510000e-01	-8.726353e-14
4.520000e-01	-8.282264e-14
4.530000e-01	-7.904788e-14
4.540000e-01	-7.494005e-14
4.550000e-01	-7.160939e-14
4.560000e-01	-6.816769e-14
4.570000e-01	-6.505907e-14
4.580000e-01	-6.195044e-14
4.590000e-01	-5.939693e-14
4.600000e-01	-5.662137e-14
4.610000e-01	-5.428991e-14
4.620000e-01	-5.184742e-14
4.630000e-01	-4.973799e-14
4.640000e-01	-4.751755e-14
4.650000e-01	-4.551914e-14
4.660000e-01	-4.352074e-14
4.670000e-01	-4.174439e-14
4.680000e-01	-4.019007e-14
4.690000e-01	-3.863576e-14
4.700000e-01	-3.730349e-14
4.710000e-01	-3.597123e-14
4.720000e-01	-3.463896e-14
4.730000e-01	-3.330669e-14
4.740000e-01	-3.219647e-14
4.750000e-01	-3.108624e-14
4.760000e-01	-2.997602e-14
4.770000e-01	-2.886580e-14
4.780000e-01	-2.797762e-14
4.790000e-01	-2.708944e-14
4.800000e-01	-2.620126e-14
4.810000e-01	-2.531308e-14
4.820000e-01	-2.442491e-14
4.830000e-01	-2.353673e-14
4.840000e-01	-2.264855e-14
4.850000e-01	-2.176037e-14
4.860000e-01	-2.087219e-14
4.870000e-01	-1.998401e-14
4.880000e-01	-1.909584e-14
4.890000e-01	-1.820766e-14
4.900000e-01	-1.731948e-14
4.910000e-01	-1.643130e-14
4.920000e-01	-1.554312e-14
4.930000e-01	-1.465494e-14
4.940000e-01	-1.376677e-14
4.950000e-01	-1.287859e-14
4.960000e-01	-1.199041e-14
4.970000e-01	-1.110223e-14
4.980000e-01	-1.021405e-14
4.990000e-01	-9.325873e-15
5.000000e-01	-8.437695e-15
5.010000e-01	-7.549517e-15
5.020000e-01	-6.661338e-15
5.030000e-01	-5.773160e-15
5.040000e-01	-4.884981e-15
5.050000e-01	-3.996803e-15
5.060000e-01	-3.108624e-15
5.070000e-01	-2.220446e-15
5.080000e-01	-1.554312e-15
5.090000e-01	-1.110223e-15
5.100000e-01	-8.881784e-16
5.110000e-01	-7.771561e-16
5.120000e-01	-6.661338e-16
5.130000e-01	-5.551115e-16
5.140000e-01	-4.440892e-16
5.150000e-01	-3.330669e-16
5.160000e-01	-2.220446e-16
5.170000e-01	-1.110223e-16
5.180000e-01	0.000000e+00
5.190000e-01	0.000000e+00
5.200000e-01	0.000000e+00
5.210000e-01	0.000000e+00
5.220000e-01	0.000000e+00
5.230000e-01	0.000000e+00
5.240000e-01	0.000000e+00
5.250000e-01	0.000000e+00
5.260000e-01	0.000000e+00
5.270000e-01	0.000000e+00
5.280000e-01	0.000000e+00
5.290000e-01	0.000000e+00
5.300000e-01	0.000000e+00
5.310000e-01	0.000000e+00
5.320000e-01	0.000000e+00
5.330000e-01	0.000000e+00
5.340000e-01	0.000000e+00
5.350000e-01	0.000000e+00
5.360000e-01	0.000000e+00
5.370000e-01	0.000000e+00
5.380000e-01	0.000000e+00
5.390000e-01	0.000000e+00
5.400000e-01	0.000000e+00
5.410000e-01	0.000000e+00
5.420000e-01	0.000000e+00
5.430000e-01	0.000000e+00
5.440000e-01	0.000000e+00
5.450000e-01	0.000000e+00
5.460000e-01	0.000000e+00
5.470000e-01	0.000000e+00
5.480000e-01	0.000000e+00
5.490000e-01	0.000000e+00
5.500000e-01	0.000000e+00
5.510000e-01	0.000000e+00
5.520000e-01	0.000000e+00
5.530000e-01	0.000000e+00
5.540000e-01	0.000000e+00
5.550000e-01	0.000000e+00
5.560000e-01	0.000000e+00
5.570000e-01	0.000000e+00
5.580000e-01	0.000000e+00
5.590000e-01	0.000000e+00
5.600000e-01	0.000000e+00
5.610000e-01	0.000000e+00
5.620000e-01	0.000000e+00
5.630000e-01	0.000000e+00
5.640000e-01	0.000000e+00
5.650000e-01	0.000000e+00
5.660000e-01	0.000000e+00
5.670000e-01	0.000000e+00
5.680000e-01	0.000000e+00
5.690000e-01	0.000000e+00
5.700000e-01	0.000000e+00
5.710000e-01	0.000000e+00
5.720000e-01	0.000000e+00
5.730000e-01	0.000000e+00
5.740000e-01	0.000000e+00
5.750000e-01	0.000000e+00
5.760000e-01	0.000000e+00
5.770000e-01	0.000000e+00
5.780000e-01	0.000000e+00
5.790000e-01	0.000000e+00
5.800000e-01	0.000000e+00
5.810000e-01	0.000000e+00
5.820000e-01	0.000000e+00
5.830000e-01	0.000000e+00
5.840000e-01	0.000000e+00
5.850000e-01	0.000000e+00
5.860000e-01	0.000000e+00
5.870000e-01	0.000000e+00
5.880000e-01	0.000000e+00
5.890000e-01	0.000000e+00
5.900000e-01	0.000000e+00
5.910000e-01	0.000000e+00
5.920000e-01	0.000000e+00
5.930000e-01	0.000000e+00
5.940000e-01	0.000000e+00
5.950000e-01	0.000000e+00
5.960000e-01	0.000000e+00
5.970000e-01	0.000000e+00
5.980000e-01	0.000000e+00
5.990000e-01	0.000000e+00
6.000000e-01	0.000000e+00
6.010000e-01	0.000000e+00
6.020000e-01	0.000000e+00
6.030000e-01	0.000000e+00
6.040000e-01	0.000000e+00
6.050000e-01	0.000000e+00
6.060000e-01	0.000000e+00
6.070000e-01	0.000000e+00
6.080000e-01	0.000000e+00
6.090000e-01	0.000000e+00
6.100000e-01	0.000000e+00
6.110000e-01	0.000000e+00
6.120000e-01	0.000000e+00
6.130000e-01	0.000000e+00
6.140000e-01	0.000000e+00
6.150000e-01	0.000000e+00
6.160000e-01	0.000000e+00
6.170000e-01	0.000000e+00
6.180000e-01	0.000000e+00
6.190000e-01	0.000000e+00
6.200000e-01	0.000000e+00
6.210000e-01	0.000000e+00
6.220000e-01	0.000000e+00
6.230000e-01	0.000000e+00
6.240000e-01	0.000000e+00
6.250000e-01	0.000000e+00
6.260000e-01	0.000000e+00
6.270000e-01	0.000000e+00
6.280000e-01	0.000000e+00
6.290000e-01	0.000000e+00
6.300000e-01	0.000000e+00
6.310000e-01	0.000000e+00
6.320000e-01	0.000000e+00
6.330000e-01	0.000000e+00
6.340000e-01	0.000000e+00
6.350000e-01	0.000000e+00
6.360000e-01	0.000000e+00
6.370000e-01	0.000000e+00
6.380000e-01	0.000000e+00
6.390000e-01	0.000000e+00
6.400000e-01	0.000000e+00
6.410000e-01	0.000000e+00
6.420000e-01	0.000000e+00
6.430000e-01	0.000000e+00
6.440000e-01	0.000000e+00
6.450000e-01	0.000000e+00
6.460000e-01	0.000000e+00
6.470000e-01	0.000000e+00
6.480000e-01	0.000000e+00
6.490000e-01	0.000000e+00
6.500000e-01	0.000000e+00
6.510000e-01	0.000000e+00
6.520000e-01	0.000000e+00
6.530000e-01	0.000000e+00
6.540000e-01	0.000000e+00
6.550000e-01	0.000000e+00
6.560000e-01	0.000000e+00
6.570000e-01	0.000000e+00
6.580000e-01	0.000000e+00
6.590000e-01	0.000000e+00
6.600000e-01	0.000000e+00
6.610000e-01	0.000000e+00
6.620000e-01	0.000000e+00
6.630000e-01	0.000000e+00
6.640000e-01	0.000000e+00
6.650000e-01	0.000000e+00
6.660000e-01	0.000000e+00
6.670000e-01	0.000000e+00
6.680000e-01	0.000000e+00
6.690000e-01	0.000000e+00
6.700000e-01	0.000000e+00
6.710000e-01	0.000000e+00
6.720000e-01	0.000000e+00
6.730000e-01	0.000000e+00
6.740000e-01	0.000000e+00
6.750000e-01	0.000000e+00
6.760000e-01	0.000000e+00
6.770000e-01	0.000000e+00
6.780000e-01	0.000000e+00
6.790000e-01	0.000000e+00
6.800000e-01	0.000000e+00
6.810000e-01	0.000000e+00
6.820000e-01	0.000000e+00
6.830000e-01	0.000000e+00
6.840000e-01	0.000000e+00
6.850000e-01	0.000000e+00
6.860000e-01	0.000000e+00
6.870000e-01	0.000000e+00
6.880000e-01	0.000000e+00
6.890000e-01	0.000000e+00
6.900000e-01	0.000000e+00
6.910000e-01	0.000000e+00
6.920000e-01	0.000000e+00
6.930000e-01	0.000000e+00
6.940000e-01	0.000000e+00
6.950000e-01	0.000000e+00
6.960000e-01	0.000000e+00
6.970000e-01	0.000000e+00
6.980000e-01	0.000000e+00
6.990000e-01	0.000000e+00
7.000000e-01	0.000000e+00
7.010000e-01	0.000000e+00
7.020000e-01	0.000000e+00
7.030000e-01	0.000000e+00
7.040000e-01	0.000000e+00
7.050000e-01	0.000000e+00
7.060000e-01	0.000000e+00
7.070000e-01	0.000000e+00
7.080000e-01	0.000000e+00
7.090000e-01	0.000000e+00
7.100000e-01	0.000000e+00
7.110000e-01	0.000000e+00
7.120000e-01	0.000000e+00
7.130000e-01	0.000000e+00
7.140000e-01	0.000000e+00
7.150000e-01	0.000000e+00
7.160000e-01	0.000000e+00
7.170000e-01	0.000000e+00
7.180000e-01	0.000000e+00
7.190000e-01	0.000000e+00
7.200000e-01	0.000000e+00
7.210000e-01	0.000000e+00
7.220000e-01	0.000000e+00
7.230000e-01	0.000000e+00
7.240000e-01	0.000000e+00
7.250000e-01	0.000000e+00
7.260000e-01	0.000000e+00
7.270000e-01	0.000000e+00
7.280000e-01	0.000000e+00
7.290000e-01	0.000000e+00
7.300000e-01	0.000000e+00
7.310000e-01	0.000000e+00
7.320000e-01	0.000000e+00
7.330000e-01	0.000000e+00
7.340000e-01	0.000000e+00
7.350000e-01	0.000000e+00
7.360000e-01	0.000000e+00
7.370000e-01	0.000000e+00
7.380000e-01	0.000000e+00
7.390000e-01	0.000000e+00
7.400000e-01	0.000000e+00
7.410000e-01	0.000000e+00
7.420000e-01	0.000000e+00
7.430000e-01	0.000000e+00
7.440000e-01	0.000000e+00
7.450000e-01	0.000000e+00
7.460000e-01	0.000000e+00
7.470000e-01	0.000000e+00
7.480000e-01	0.000000e+00
7.490000e-01	0.000000e+00
7.500000e-01	0.000000e+00
7.510000e-01	0.000000e+00
7.520000e-01	0.000000e+00
7.530000e-01	0.000000e+00
7.540000e-01	0.000000e+00
7.550000e-01	0.000000e+00
7.560000e-01	0.000000e+00
7.570000e-01	0.000000e+00
7.580000e-01	0.000000e+00
7.590000e-01	0.000000e+00
7.600000e-01	0.000000e+00
7.610000e-01	0.000000e+00
7.620000e-01	0.000000e+00
7.630000e-01	0.000000e+00
7.640000e-01	0.000000e+00
7.650000e-01	0.000000e+00
7.660000e-01	0.000000e+00
7.670000e-01	0.000000e+00
7.680000e-01	0.000000e+00
7.690000e-01	0.000000e+00
7.700000e-01	0.000000e+00
7.710000e-01	0.000000e+00
7.720000e-01	0.000000e+00
7.730000e-01	0.000000e+00
7.740000e-01	0.000000e+00
7.750000e-01	0.000000e+00
7.760000e-01	0.000000e+00
7.770000e-01	0.000000e+00
7.780000e-01	0.000000e+00
7.790000e-01	0.000000e+00
7.800000e-01	0.000000e+00
7.810000e-01	0.000000e+00
7.820000e-01	0.000000e+00
7.830000e-01	0.000000e+00
7.840000e-01	0.000000e+00
7.850000e-01	0.000000e+00
7.860000e-01	0.000000e+00
7.870000e-01	0.000000e+00
7.880000e-01	0.000000e+00
7.890000e-01	0.000000e+00
7.900000e-01	0.000000e+00
7.910000e-01	0.000000e+00
7.920000e-01	0.000000e+00
7.930000e-01	0.000000e+00
7.940000e-01	0.000000e+00
7.950000e-01	0.000000e+00
7.960000e-01	0.000000e+00
7.970000e-01	0.000000e+00
7.980000e-01	0.000000e+00
7.990000e-01	0.000000e+00
8.000000e-01	0.000000e+00
8.010000e-01	0.000000e+00
8.020000e-01	0.000000e+00
8.030000e-01	0.000000e+00
8.040000e-01	0.000000e+00
8.050000e-01	0.000000e+00
8.060000e-01	0.000000e+00
8.070000e-01	0.000000e+00
8.080000e-01	0.000000e+00
8.090000e-01	0.000000e+00
8.100000e-01	0.000000e+00
8.110000e-01	0.000000e+00
8.120000e-01	0.000000e+00
8.130000e-01	0.000000e+00
8.140000e-01	0.000000e+00
8.150000e-01	0.000000e+00
8.160000e-01	0.000000e+00
8.170000e-01	0.000000e+00
8.180000e-01	0.000000e+00
8.190000e-01	0.000000e+00
8.200000e-01	0.000000e+00
8.210000e-01	0.000000e+00
8.220000e-01	0.000000e+00
8.230000e-01	0.000000e+00
8.240000e-01	0.000000e+00
8.250000e-01	0.000000e+00
8.260000e-01	0.000000e+00
8.270000e-01	0.000000e+00
8.280000e-01	0.000000e+00
8.290000e-01	0.000000e+00
8.300000e-01	0.000000e+00
8.310000e-01	0.000000e+00
8.320000e-01	0.000000e+00
8.330000e-01	0.000000e+00
8.340000e-01	0.000000e+00
8.350000e-01	0.000000e+00
8.360000e-01	0.000000e+00
8.370000e-01	0.000000e+00
8.380000e-01	0.000000e+00
8.390000e-01	0.000000e+00
8.400000e-01	0.000000e+00
8.410000e-01	0.000000e+00
8.420000e-01	0.000000e+00
8.430000e-01	0.000000e+00
8.440000e-01	0.000000e+00
8.450000e-01	0.000000e+00
8.460000e-01	0.000000e+00
8.470000e-01	0.000000e+00
8.480000e-01	0.000000e+00
8.490000e-01	0.000000e+00
8.500000e-01	0.000000e+00
8.510000e-01	0.000000e+00
8.520000e-01	0.000000e+00
8.530000e-01	0.000000e+00
8.540000e-01	0.000000e+00
8.550000e-01	0.000000e+00
8.560000e-01	0.000000e+00
8.570000e-01	0.000000e+00
8.580000e-01	0.000000e+00
8.590000e-01	0.000000e+00
8.600000e-01	0.000000e+00
8.610000e-01	0.000000e+00
8.620000e-01	0.000000e+00
8.630000e-01	0.000000e+00
8.640000e-01	0.000000e+00
8.650000e-01	0.000000e+00
8.660000e-01	0.000000e+00
8.670000e-01	0.000000e+00
8.680000e-01	0.000000e+00
8.690000e-01	0.000000e+00
8.700000e-01	0.000000e+00
8.710000e-01	0.000000e+00
8.720000e-01	0.000000e+00
8.730000e-01	0.000000e+00
8.740000e-01	0.000000e+00
8.750000e-01	0.000000e+00
8.760000e-01	0.000000e+00
8.770000e-01	0.000000e+00
8.780000e-01	0.000000e+00
8.790000e-01	0.000000e+00
8.800000e-01	0.000000e+00
8.810000e-01	0.000000e+00
8.820000e-01	0.000000e+00
8.830000e-01	0.000000e+00
8.840000e-01	0.000000e+00
8.850000e-01	0.000000e+00
8.860000e-01	0.000000e+00
8.870000e-01	0.000000e+00
8.880000e-01	0.000000e+00
8.890000e-01	0.000000e+00
8.900000e-01	0.000000e+00
8.910000e-01	0.000000e+00
8.920000e-01	0.000000e+00
8.930000e-01	0.000000e+00
8.940000e-01	0.000000e+00
8.950000e-01	0.000000e+00
8.960000e-01	0.000000e+00
8.970000e-01	0.000000e+00
8.980000e-01	0.000000e+00
8.990000e-01	0.000000e+00
9.000000e-01	0.000000e+00
9.010000e-01	0.000000e+00
9.020000e-01	0.000000e+00
9.030000e-01	0.000000e+00
9.040000e-01	0.000000e+00
9.050000e-01	0.000000e+00
9.060000e-01	0.000000e+00
9.070000e-01	0.000000e+00
9.080000e-01	0.000000e+00
9.090000e-01	0.000000e+00
9.100000e-01	0.000000e+00
9.110000e-01	0.000000e+00
9.120000e-01	0.000000e+00
9.130000e-01	0.000000e+00
9.140000e-01	0.000000e+00
9.150000e-01	0.000000e+00
9.160000e-01	0.000000e+00
9.170000e-01	0.000000e+00
9.180000e-01	0.000000e+00
9.190000e-01	0.000000e+00
9.200000e-01	0.000000e+00
9.210000e-01	0.000000e+00
9.220000e-01	0.000000e+00
9.230000e-01	0.000000e+00
9.240000e-01	0.000000e+00
9.250000e-01	0.000000e+00
9.260000e-01	0.000000e+00
9.270000e-01	0.000000e+00
9.280000e-01	0.000000e+00
9.290000e-01	0.000000e+00
9.300000e-01	0.000000e+00
9.310000e-01	0.000000e+00
9.320000e-01	0.000000e+00
9.330000e-01	0.000000e+00
9.340000e-01	0.000000e+00
9.350000e-01	0.000000e+00
9.360000e-01	0.000000e+00
9.370000e-01	0.000000e+00
9.380000e-01	0.000000e+00
9.390000e-01	0.000000e+00
9.400000e-01	0.000000e+00
9.410000e-01	0.000000e+00
9.420000e-01	0.000000e+00
9.430000e-01	0.000000e+00
9.440000e-01	0.000000e+00
9.450000e-01	0.000000e+00
9.460000e-01	0.000000e+00
9.470000e-01	0.000000e+00
9.480000e-01	0.000000e+00
9.490000e-01	0.000000e+00
9.500000e-01	0.000000e+00
9.510000e-01	0.000000e+00
9.520000e-01	0.000000e+00
9.530000e-01	0.000000e+00
9.540000e-01	0.000000e+00
9.550000e-01	0.000000e+00
9.560000e-01	0.000000e+00
9.570000e-01	0.000000e+00
9.580000e-01	0.000000e+00
9.590000e-01	0.000000e+00
9.600000e-01	0.000000e+00
9.610000e-01	0.000000e+00
9.620000e-01	0.000000e+00
9.630000e-01	0.000000e+00
9.640000e-01	0.000000e+00
9.650000e-01	0.000000e+00
9.660000e-01	0.000000e+00
9.670000e-01	0.000000e+00
9.680000e-01	0.000000e+00
9.690000e-01	0.000000e+00
9.700000e-01	0.000000e+00
9.710000e-01	0.000000e+00
9.720000e-01	0.000000e+00
9.730000e-01	0.000000e+00
9.740000e-01	0.000000e+00
9.750000e-01	0.000000e+00
9.760000e-01	0.000000e+00
9.770000e-01	0.000000e+00
9.780000e-01	0.000000e+00
9.790000e-01	0.000000e+00
9.800000e-01	0.000000e+00
9.810000e-01	0.000000e+00
9.820000e-01	0.000000e+00
9.830000e-01	0.000000e+00
9.840000e-01	0.000000e+00
9.850000e-01	0.000000e+00
9.860000e-01	0.000000e+00
9.870000e-01	0.000000e+00
9.880000e-01	0.000000e+00
9.890000e-01	0.000000e+00
9.900000e-01	0.000000e+00
9.910000e-01	0.000000e+00
9.920000e-01	0.000000e+00
9.930000e-01	0.000000e+00
9.940000e-01	0.000000e+00
9.950000e-01	0.000000e+00
9.960000e-01	0.000000e+00
9.970000e-01	0.000000e+00
9.980000e-01	0.000000e+00
9.990000e-01	0.000000e+00
